Iteration	CPUTime	PhysTime	Travels	Value	AvValue	MinValue	MaxValue	Delta	Criteria	PrevAvRefValue	Progress	CriteriaType	CriteriaVarType	CriteriaPercentage
1	4	0	0.0134916193	1727.28056	1727.28056	1727.28056	1727.28056	0	0	0	0	0	0	3
2	4	0	0.0269832386	518.604922	1122.94274	518.604922	1727.28056	604.337817	0	0	0	0	0	3
3	5	0	0.0404748579	264.034774	836.640085	264.034774	1727.28056	890.640472	0	0	0	0	0	3
4	6	0	0.0539664773	43.2392866	638.289885	43.2392866	1727.28056	1088.99067	0	0	0	0	0	3
5	7	0	0.0674580966	152.691303	541.170169	43.2392866	1727.28056	1186.11039	0	0	0	0	0	3
6	8	0	0.0809497159	85.4672191	465.219677	43.2392866	1727.28056	1262.06088	0	0	0	0	0	3
7	8	0	0.0944413352	98.1229291	412.777284	43.2392866	1727.28056	1314.50327	0	0	0	0	0	3
8	9	0	0.107932955	93.8789091	372.914988	43.2392866	1727.28056	1354.36557	0	0	0	0	0	3
9	10	0	0.121424574	96.5859424	342.21176	43.2392866	1727.28056	1385.0688	0	0	0	0	0	3
10	11	0	0.134916193	94.6493915	317.455523	43.2392866	1727.28056	1409.82503	0	0	0	0	0	3
11	11	0	0.148407812	94.891521	297.222432	43.2392866	1727.28056	1430.05812	0	0	0	0	0	3
12	12	0	0.161899432	92.8514767	280.191519	43.2392866	1727.28056	1447.08904	0	0	0	0	0	3
13	13	0	0.175391051	92.5438463	265.757083	43.2392866	1727.28056	1461.52347	0	0	0	0	0	3
14	14	0	0.18888267	90.4856724	253.237696	43.2392866	1727.28056	1474.04286	0	0	0	0	0	3
15	15	0	0.20237429	90.1127879	242.362703	43.2392866	1727.28056	1484.91785	0	0	0	0	0	3
16	15	0	0.215865909	88.3151945	232.734733	43.2392866	1727.28056	1494.54582	0	0	0	0	0	3
17	16	0	0.229357528	87.2223433	224.175181	43.2392866	1727.28056	1503.10538	0	0	0	0	0	3
18	17	0	0.242849148	85.5792331	216.475406	43.2392866	1727.28056	1510.80515	0	0	0	0	0	3
19	18	0	0.256340767	84.0745291	209.506939	43.2392866	1727.28056	1517.77362	0	0	0	0	0	3
20	19	0	0.269832386	83.252889	203.194236	43.2392866	1727.28056	1524.08632	0	0	0	0	0	3
21	20	0	0.283324006	82.2008909	197.432649	43.2392866	1727.28056	1529.84791	0	0	0	0	0	3
22	20	0	0.296815625	80.4728284	192.116293	43.2392866	1727.28056	1535.16426	0	0	0	0	0	3
23	21	0	0.310307244	79.8744719	187.236214	43.2392866	1727.28056	1540.04434	0	0	0	0	0	3
24	22	0	0.323798864	78.374201	182.700297	43.2392866	1727.28056	1544.58026	0	0	0	0	0	3
25	23	0	0.337290483	77.947903	178.510201	43.2392866	1727.28056	1548.77036	0	0	0	0	0	3
26	24	0	0.350782102	77.1486462	174.61168	43.2392866	1727.28056	1552.66888	0	0	0	0	0	3
27	25	0	0.364273722	76.783283	170.988406	43.2392866	1727.28056	1556.29215	0	0	0	0	0	3
28	25	0	0.377765341	76.5671159	167.616217	43.2392866	1727.28056	1559.66434	0	0	0	0	0	3
29	26	0	0.39125696	76.608903	164.478033	43.2392866	1727.28056	1562.80252	0	0	0	0	0	3
30	27	0	0.404748579	76.1426757	161.533522	43.2392866	1727.28056	1565.74704	0	0	0	0	0	3
31	28	0	0.418240199	76.2002658	158.780836	43.2392866	1727.28056	1568.49972	0	0	0	0	0	3
32	29	0	0.431731818	76.3455514	156.204733	43.2392866	1727.28056	1571.07582	0	0	0	0	0	3
33	30	0	0.445223437	76.5054585	153.789604	43.2392866	1727.28056	1573.49095	0	0	0	0	0	3
34	30	0	0.458715057	76.5962732	151.519212	43.2392866	1727.28056	1575.76135	0	0	0	0	0	3
35	31	0	0.472206676	76.7962284	149.384269	43.2392866	1727.28056	1577.89629	0	0	0	0	0	3
36	32	0	0.485698295	76.8629434	147.369788	43.2392866	1727.28056	1579.91077	0	0	0	0	0	3
37	33	0	0.499189915	76.9577653	145.46676	43.2392866	1727.28056	1581.8138	0	0	0	0	0	3
38	34	0	0.512681534	77.5488889	143.679448	43.2392866	1727.28056	1583.60111	0	0	0	0	0	3
39	34	0	0.526173153	78.1832934	100.282152	43.2392866	518.604922	475.365636	0	0	0	0	0	3
40	35	0	0.539664773	78.7889939	88.7080481	43.2392866	264.034774	220.795488	0	0	0	0	0	3
41	36	0	0.553156392	79.5715914	83.8537539	43.2392866	152.691303	109.452016	0	0	0	0	0	3
42	37	0	0.566648011	80.082414	84.8233098	76.1426757	152.691303	76.548627	0	0	0	0	0	3
43	38	0	0.580139631	80.5090136	82.9237759	76.1426757	98.1229291	21.9802534	0	0	0	0	0	3
44	39	0	0.59363125	81.0109851	82.8065066	76.1426757	98.1229291	21.9802534	0	0	0	0	0	3
45	40	0	0.607122869	81.3697901	82.3656345	76.1426757	96.5859424	20.4432668	0	0	0	0	0	3
46	41	0	0.620614488	81.7544953	82.046571	76.1426757	96.5859424	20.4432668	0	0	0	0	0	3
47	42	0	0.634106108	81.8277467	81.6581974	76.1426757	94.891521	18.7488453	0	0	0	0	0	3
48	42	0	0.647597727	81.9685327	81.3244906	76.1426757	94.891521	18.7488453	0	0	0	0	0	3
49	43	0	0.661089346	81.8853387	80.9822227	76.1426757	92.8514767	16.708801	0	0	0	0	0	3
50	44	0	0.674580966	81.9291891	80.694794	76.1426757	92.5438463	16.4011706	0	0	0	0	0	3
51	45	0	0.688072585	81.8167268	80.4125014	76.1426757	90.4856724	14.3429968	0	0	0	0	0	3
52	46	0	0.701564204	81.8289064	80.1846918	76.1426757	90.1127879	13.9701122	0	0	0	0	0	3
53	47	0	0.715055824	81.5415635	79.9591332	76.1426757	88.3151945	12.1725188	0	0	0	0	0	3
54	48	0	0.728547443	81.4845648	79.7793798	76.1426757	87.2223433	11.0796676	0	0	0	0	0	3
55	49	0	0.742039062	81.1819839	79.620423	76.1426757	85.5792331	9.43655745	0	0	0	0	0	3
56	50	0	0.755530682	80.93484	79.4982021	76.1426757	84.0745291	7.93185346	0	0	0	0	0	3
57	51	0	0.769022301	80.5678597	79.4059214	76.1426757	83.252889	7.11021331	0	0	0	0	0	3
58	51	0	0.78251392	80.272845	79.3274992	76.1426757	82.2008909	6.05821521	0	0	0	0	0	3
59	52	0	0.79600554	79.9884111	79.269276	76.1426757	81.9685327	5.82585704	0	0	0	0	0	3
60	53	0	0.809497159	79.693209	79.2487597	76.1426757	81.9685327	5.82585704	0	0	0	0	0	3
61	54	0	0.822988778	79.4764259	79.2382848	76.1426757	81.9685327	5.82585704	0	0	0	0	0	3
62	55	0	0.836480398	79.3013447	79.2626833	76.1426757	81.9685327	5.82585704	0	0	0	0	0	3
63	56	0	0.849972017	79.0009593	79.2903953	76.1426757	81.9685327	5.82585704	0	0	0	0	0	3
64	57	0	0.863463636	78.7938218	79.3336894	76.1426757	81.9685327	5.82585704	0	0	0	0	0	3
65	58	0	0.876955255	78.6155961	79.3819082	76.1426757	81.9685327	5.82585704	0	0	0	0	0	3
66	59	0	0.890446875	78.4389205	79.4311662	76.1426757	81.9685327	5.82585704	0	0	0	0	0	3
67	60	0	0.903938494	78.220855	79.473586	76.1426757	81.9685327	5.82585704	0	0	0	0	0	3
68	61	0	0.917430113	78.089802	79.5248262	76.2002658	81.9685327	5.76826693	0	0	0	0	0	3
69	61	0	0.930921733	77.9883895	79.5718821	76.3455514	81.9685327	5.62298132	0	0	0	0	0	3
70	62	0	0.944413352	78.002651	79.6154899	76.5054585	81.9685327	5.46307425	0	0	0	0	0	3
71	63	0	0.957904971	78.0454258	79.6560154	76.5962732	81.9685327	5.37225947	0	0	0	0	0	3
72	64	0	0.971396591	78.1799312	79.6976906	76.7962284	81.9685327	5.17230434	0	0	0	0	0	3
73	65	0	0.98488821	78.3801557	79.7393729	76.8629434	81.9685327	5.10558931	0	0	0	0	0	3
74	66	0	0.998379829	78.6209972	79.7856375	76.9577653	81.9685327	5.01076744	0	0	0	0	0	3
75	67	0	1.01187145	78.8870452	79.836408	77.5488889	81.9685327	4.41964385	6.62386464	0	100	0	0	3
