Iteration	CPUTime	PhysTime	Travels	Value	AvValue	MinValue	MaxValue	Delta	Criteria	PrevAvRefValue	Progress	CriteriaType	CriteriaVarType	CriteriaPercentage
1	4	0	0.0134916193	293.200171	293.200171	293.200171	293.200171	0	0	0	0	0	0	3
2	4	0	0.0269832386	293.200144	293.200158	293.200144	293.200171	1.35741912e-05	0	0	0	0	0	3
3	5	0	0.0404748579	293.200103	293.20014	293.200103	293.200171	3.1735507e-05	0	0	0	0	0	3
4	6	0	0.0539664773	293.200155	293.200144	293.200103	293.200171	3.1735507e-05	0	0	0	0	0	3
5	7	0	0.0674580966	293.200128	293.200141	293.200103	293.200171	3.1735507e-05	0	0	0	0	0	3
6	8	0	0.0809497159	293.200148	293.200142	293.200103	293.200171	3.1735507e-05	0	0	0	0	0	3
7	8	0	0.0944413352	293.200128	293.20014	293.200103	293.200171	3.1735507e-05	0	0	0	0	0	3
8	9	0	0.107932955	293.200118	293.200137	293.200103	293.200171	3.43576274e-05	0	0	0	0	0	3
9	10	0	0.121424574	293.200107	293.200134	293.200103	293.200171	3.77293315e-05	0	0	0	0	0	3
10	11	0	0.134916193	293.200097	293.20013	293.200097	293.200171	4.14235151e-05	0	0	0	0	0	3
11	11	0	0.148407812	293.200096	293.200127	293.200096	293.200171	4.45112511e-05	0	0	0	0	0	3
12	12	0	0.161899432	293.200098	293.200125	293.200096	293.200171	4.69399618e-05	0	0	0	0	0	3
13	13	0	0.175391051	293.200106	293.200123	293.200096	293.200171	4.84046744e-05	0	0	0	0	0	3
14	14	0	0.18888267	293.200114	293.200122	293.200096	293.200171	4.90562124e-05	0	0	0	0	0	3
15	15	0	0.20237429	293.200127	293.200123	293.200096	293.200171	4.90562124e-05	0	0	0	0	0	3
16	15	0	0.215865909	293.200145	293.200124	293.200096	293.200171	4.90562124e-05	0	0	0	0	0	3
17	16	0	0.229357528	293.200165	293.200127	293.200096	293.200171	4.90562124e-05	0	0	0	0	0	3
18	17	0	0.242849148	293.200179	293.200129	293.200096	293.200179	4.90562124e-05	0	0	0	0	0	3
19	18	0	0.256340767	293.200193	293.200133	293.200096	293.200193	4.90562124e-05	0	0	0	0	0	3
20	19	0	0.269832386	293.200203	293.200136	293.200096	293.200203	4.90562124e-05	0	0	0	0	0	3
21	20	0	0.283324006	293.200209	293.20014	293.200096	293.200209	4.90562124e-05	0	0	0	0	0	3
22	20	0	0.296815625	293.200202	293.200143	293.200096	293.200209	4.90562124e-05	0	0	0	0	0	3
23	21	0	0.310307244	293.200186	293.200145	293.200096	293.200209	4.90562124e-05	0	0	0	0	0	3
24	22	0	0.323798864	293.200157	293.200145	293.200096	293.200209	4.90562124e-05	0	0	0	0	0	3
25	23	0	0.337290483	293.200118	293.200144	293.200096	293.200209	4.90562124e-05	0	0	0	0	0	3
26	24	0	0.350782102	293.200033	293.20014	293.200033	293.200209	4.90562124e-05	0	0	0	0	0	3
27	25	0	0.364273722	293.199932	293.200132	293.199932	293.200209	4.90562124e-05	0	0	0	0	0	3
28	25	0	0.377765341	293.199823	293.200121	293.199823	293.200209	5.05865322e-05	0	0	0	0	0	3
29	26	0	0.39125696	293.199713	293.200107	293.199713	293.200209	6.46424156e-05	0	0	0	0	0	3
30	27	0	0.404748579	293.199608	293.20009	293.199608	293.200209	8.1275903e-05	0	0	0	0	0	3
31	28	0	0.418240199	293.199488	293.200071	293.199488	293.200209	0.000100709147	0	0	0	0	0	3
32	29	0	0.431731818	293.199415	293.20005	293.199415	293.200209	0.000121200824	0	0	0	0	0	3
33	30	0	0.445223437	293.199392	293.20003	293.199392	293.200209	0.000141138519	0	0	0	0	0	3
34	30	0	0.458715057	293.199412	293.200012	293.199392	293.200209	0.000159318863	0	0	0	0	0	3
35	31	0	0.472206676	293.19947	293.199997	293.199392	293.200209	0.000174810799	0	0	0	0	0	3
36	32	0	0.485698295	293.19959	293.199985	293.199392	293.200209	0.00018611813	0	0	0	0	0	3
37	33	0	0.499189915	293.199723	293.199978	293.199392	293.200209	0.000193206893	0	0	0	0	0	3
38	34	0	0.512681534	293.199858	293.199975	293.199392	293.200209	0.000196373335	0	0	0	0	0	3
39	34	0	0.526173153	293.199979	293.19997	293.199392	293.200209	0.000187853949	0	0	0	0	0	3
40	35	0	0.539664773	293.200083	293.199968	293.199392	293.200209	0.000176563193	0	0	0	0	0	3
41	36	0	0.553156392	293.200201	293.199971	293.199392	293.200209	0.000176563193	0	0	0	0	0	3
42	37	0	0.566648011	293.200292	293.199975	293.199392	293.200292	0.000176563193	0	0	0	0	0	3
43	38	0	0.580139631	293.200361	293.199981	293.199392	293.200361	0.000176563193	0	0	0	0	0	3
44	39	0	0.59363125	293.200413	293.199988	293.199392	293.200413	0.000176563193	0	0	0	0	0	3
45	40	0	0.607122869	293.200457	293.199996	293.199392	293.200457	0.000176563193	0	0	0	0	0	3
46	41	0	0.620614488	293.200488	293.200006	293.199392	293.200488	0.000176563193	0	0	0	0	0	3
47	42	0	0.634106108	293.200507	293.200017	293.199392	293.200507	0.000176563193	0	0	0	0	0	3
48	42	0	0.647597727	293.200514	293.200028	293.199392	293.200514	0.000176563193	0	0	0	0	0	3
49	43	0	0.661089346	293.200512	293.200039	293.199392	293.200514	0.000176563193	0	0	0	0	0	3
50	44	0	0.674580966	293.200501	293.200049	293.199392	293.200514	0.000176563193	0	0	0	0	0	3
51	45	0	0.688072585	293.200477	293.200059	293.199392	293.200514	0.000176563193	0	0	0	0	0	3
52	46	0	0.701564204	293.200452	293.200068	293.199392	293.200514	0.000176563193	0	0	0	0	0	3
53	47	0	0.715055824	293.200414	293.200075	293.199392	293.200514	0.000176563193	0	0	0	0	0	3
54	48	0	0.728547443	293.200372	293.200081	293.199392	293.200514	0.000176563193	0	0	0	0	0	3
55	49	0	0.742039062	293.200331	293.200086	293.199392	293.200514	0.000176563193	0	0	0	0	0	3
56	50	0	0.755530682	293.200284	293.200089	293.199392	293.200514	0.000176563193	0	0	0	0	0	3
57	51	0	0.769022301	293.200241	293.20009	293.199392	293.200514	0.000176563193	0	0	0	0	0	3
58	51	0	0.78251392	293.200198	293.20009	293.199392	293.200514	0.000176563193	0	0	0	0	0	3
59	52	0	0.79600554	293.200166	293.200089	293.199392	293.200514	0.000176563193	0	0	0	0	0	3
60	53	0	0.809497159	293.200136	293.200087	293.199392	293.200514	0.000176563193	0	0	0	0	0	3
61	54	0	0.822988778	293.200113	293.200085	293.199392	293.200514	0.000176563193	0	0	0	0	0	3
62	55	0	0.836480398	293.200092	293.200083	293.199392	293.200514	0.000175463621	0	0	0	0	0	3
63	56	0	0.849972017	293.200074	293.200082	293.199392	293.200514	0.000171183106	0	0	0	0	0	3
64	57	0	0.863463636	293.20006	293.200083	293.199392	293.200514	0.000163508781	0	0	0	0	0	3
65	58	0	0.876955255	293.200052	293.200086	293.199392	293.200514	0.00015246324	0	0	0	0	0	3
66	59	0	0.890446875	293.200047	293.200092	293.199392	293.200514	0.000138407357	0	0	0	0	0	3
67	60	0	0.903938494	293.200045	293.2001	293.199392	293.200514	0.000132049306	0	0	0	0	0	3
68	61	0	0.917430113	293.200045	293.200112	293.199392	293.200514	0.00014356286	0	0	0	0	0	3
69	61	0	0.930921733	293.200046	293.200127	293.199392	293.200514	0.000158246232	0	0	0	0	0	3
70	62	0	0.944413352	293.200055	293.200144	293.199392	293.200514	0.000175081499	0	0	0	0	0	3
71	63	0	0.957904971	293.200069	293.200161	293.199412	293.200514	0.000192879227	0	0	0	0	0	3
72	64	0	0.971396591	293.200084	293.200179	293.19947	293.200514	0.000210548159	0	0	0	0	0	3
73	65	0	0.98488821	293.200104	293.200196	293.19959	293.200514	0.000227238761	0	0	0	0	0	3
74	66	0	0.998379829	293.200126	293.20021	293.199723	293.200514	0.000241340782	0	0	0	0	0	3
75	67	0	1.01187145	293.200151	293.200221	293.199858	293.200514	0.000252612883	3.36451366e-05	0	0	0	0	3
