Iteration	CPUTime	PhysTime	Travels	Value	AvValue	MinValue	MaxValue	Delta	Criteria	PrevAvRefValue	Progress	CriteriaType	CriteriaVarType	CriteriaPercentage
1	4	0	0.0134916193	101331.533	101331.533	101331.533	101331.533	0	0	0	0	0	0	3
2	4	0	0.0269832386	101326.543	101329.038	101326.543	101331.533	2.49496375	0	0	0	0	0	3
3	5	0	0.0404748579	101325.752	101327.943	101325.752	101331.533	3.59031294	0	0	0	0	0	3
4	6	0	0.0539664773	101325.35	101327.295	101325.35	101331.533	4.23855524	0	0	0	0	0	3
5	7	0	0.0674580966	101325.547	101326.945	101325.35	101331.533	4.58801081	0	0	0	0	0	3
6	8	0	0.0809497159	101325.444	101326.695	101325.35	101331.533	4.8382711	0	0	0	0	0	3
7	8	0	0.0944413352	101325.579	101326.536	101325.35	101331.533	4.99773027	0	0	0	0	0	3
8	9	0	0.107932955	101325.529	101326.41	101325.35	101331.533	5.12349699	0	0	0	0	0	3
9	10	0	0.121424574	101325.596	101326.319	101325.35	101331.533	5.21388819	0	0	0	0	0	3
10	11	0	0.134916193	101325.524	101326.24	101325.35	101331.533	5.29341753	0	0	0	0	0	3
11	11	0	0.148407812	101325.58	101326.18	101325.35	101331.533	5.35345182	0	0	0	0	0	3
12	12	0	0.161899432	101325.51	101326.124	101325.35	101331.533	5.40923962	0	0	0	0	0	3
13	13	0	0.175391051	101325.553	101326.08	101325.35	101331.533	5.45319208	0	0	0	0	0	3
14	14	0	0.18888267	101325.475	101326.037	101325.35	101331.533	5.49639378	0	0	0	0	0	3
15	15	0	0.20237429	101325.518	101326.002	101325.35	101331.533	5.53098026	0	0	0	0	0	3
16	15	0	0.215865909	101325.46	101325.968	101325.35	101331.533	5.56486748	0	0	0	0	0	3
17	16	0	0.229357528	101325.476	101325.939	101325.35	101331.533	5.59382899	0	0	0	0	0	3
18	17	0	0.242849148	101325.431	101325.911	101325.35	101331.533	5.62208113	0	0	0	0	0	3
19	18	0	0.256340767	101325.432	101325.886	101325.35	101331.533	5.64728323	0	0	0	0	0	3
20	19	0	0.269832386	101325.415	101325.862	101325.35	101331.533	5.6708199	0	0	0	0	0	3
21	20	0	0.283324006	101325.423	101325.842	101325.35	101331.533	5.69173194	0	0	0	0	0	3
22	20	0	0.296815625	101325.397	101325.821	101325.35	101331.533	5.71194438	0	0	0	0	0	3
23	21	0	0.310307244	101325.375	101325.802	101325.35	101331.533	5.73136	0	0	0	0	0	3
24	22	0	0.323798864	101325.341	101325.783	101325.341	101331.533	5.75056243	0	0	0	0	0	3
25	23	0	0.337290483	101325.305	101325.764	101325.305	101331.533	5.76968128	0	0	0	0	0	3
26	24	0	0.350782102	101325.24	101325.743	101325.24	101331.533	5.78982947	0	0	0	0	0	3
27	25	0	0.364273722	101325.148	101325.721	101325.148	101331.533	5.81188664	0	0	0	0	0	3
28	25	0	0.377765341	101325.067	101325.698	101325.067	101331.533	5.83526647	0	0	0	0	0	3
29	26	0	0.39125696	101325.004	101325.674	101325.004	101331.533	5.85921	0	0	0	0	0	3
30	27	0	0.404748579	101324.956	101325.65	101324.956	101331.533	5.88314825	0	0	0	0	0	3
31	28	0	0.418240199	101324.916	101325.626	101324.916	101331.533	5.90682266	0	0	0	0	0	3
32	29	0	0.431731818	101324.886	101325.603	101324.886	101331.533	5.92997135	0	0	0	0	0	3
33	30	0	0.445223437	101324.865	101325.581	101324.865	101331.533	5.95233361	0	0	0	0	0	3
34	30	0	0.458715057	101324.857	101325.56	101324.857	101331.533	5.97361454	0	0	0	0	0	3
35	31	0	0.472206676	101324.853	101325.54	101324.853	101331.533	5.99381064	0	0	0	0	0	3
36	32	0	0.485698295	101324.852	101325.52	101324.852	101331.533	6.01291383	0	0	0	0	0	3
37	33	0	0.499189915	101324.845	101325.502	101324.845	101331.533	6.03117324	0	0	0	0	0	3
38	34	0	0.512681534	101324.836	101325.485	101324.836	101331.533	6.04871593	0	0	0	0	0	3
39	34	0	0.526173153	101324.825	101325.308	101324.825	101326.543	1.71805884	0	0	0	0	0	3
40	35	0	0.539664773	101324.816	101325.263	101324.816	101325.752	0.936657305	0	0	0	0	0	3
41	36	0	0.553156392	101324.807	101325.238	101324.807	101325.596	0.789722612	0	0	0	0	0	3
42	37	0	0.566648011	101324.797	101325.223	101324.797	101325.596	0.799588331	0	0	0	0	0	3
43	38	0	0.580139631	101324.784	101325.203	101324.784	101325.596	0.812337323	0	0	0	0	0	3
44	39	0	0.59363125	101324.773	101325.185	101324.773	101325.596	0.822992068	0	0	0	0	0	3
45	40	0	0.607122869	101324.765	101325.164	101324.765	101325.596	0.831641204	0	0	0	0	0	3
46	41	0	0.620614488	101324.759	101325.144	101324.759	101325.596	0.837432506	0	0	0	0	0	3
47	42	0	0.634106108	101324.755	101325.122	101324.755	101325.58	0.824051177	0	0	0	0	0	3
48	42	0	0.647597727	101324.755	101325.101	101324.755	101325.58	0.824070273	0	0	0	0	0	3
49	43	0	0.661089346	101324.76	101325.08	101324.755	101325.553	0.797243331	0	0	0	0	0	3
50	44	0	0.674580966	101324.766	101325.06	101324.755	101325.553	0.797243331	0	0	0	0	0	3
51	45	0	0.688072585	101324.775	101325.04	101324.755	101325.518	0.762674047	0	0	0	0	0	3
52	46	0	0.701564204	101324.784	101325.022	101324.755	101325.518	0.762674047	0	0	0	0	0	3
53	47	0	0.715055824	101324.79	101325.002	101324.755	101325.476	0.720651801	0	0	0	0	0	3
54	48	0	0.728547443	101324.795	101324.985	101324.755	101325.476	0.720651801	0	0	0	0	0	3
55	49	0	0.742039062	101324.799	101324.967	101324.755	101325.432	0.676944068	0	0	0	0	0	3
56	50	0	0.755530682	101324.799	101324.95	101324.755	101325.432	0.676944068	0	0	0	0	0	3
57	51	0	0.769022301	101324.797	101324.934	101324.755	101325.423	0.667892231	0	0	0	0	0	3
58	51	0	0.78251392	101324.793	101324.917	101324.755	101325.423	0.667892231	0	0	0	0	0	3
59	52	0	0.79600554	101324.789	101324.901	101324.755	101325.397	0.641459362	0	0	0	0	0	3
60	53	0	0.809497159	101324.784	101324.884	101324.755	101325.375	0.619361452	0	0	0	0	0	3
61	54	0	0.822988778	101324.78	101324.869	101324.755	101325.341	0.585646509	0	0	0	0	0	3
62	55	0	0.836480398	101324.776	101324.854	101324.755	101325.305	0.549331486	0	0	0	0	0	3
63	56	0	0.849972017	101324.771	101324.84	101324.755	101325.24	0.484330822	0	0	0	0	0	3
64	57	0	0.863463636	101324.765	101324.827	101324.755	101325.148	0.392491922	0	0	0	0	0	3
65	58	0	0.876955255	101324.761	101324.817	101324.755	101325.067	0.311343162	0	0	0	0	0	3
66	59	0	0.890446875	101324.756	101324.809	101324.755	101325.004	0.248236074	0	0	0	0	0	3
67	60	0	0.903938494	101324.751	101324.802	101324.751	101324.956	0.205383001	0	0	0	0	0	3
68	61	0	0.917430113	101324.746	101324.797	101324.746	101324.916	0.169889564	0	0	0	0	0	3
69	61	0	0.930921733	101324.742	101324.792	101324.742	101324.886	0.143876482	0	0	0	0	0	3
70	62	0	0.944413352	101324.74	101324.788	101324.74	101324.865	0.125737606	0	0	0	0	0	3
71	63	0	0.957904971	101324.737	101324.785	101324.737	101324.857	0.120168694	0	0	0	0	0	3
72	64	0	0.971396591	101324.737	101324.782	101324.737	101324.853	0.116252814	0	0	0	0	0	3
73	65	0	0.98488821	101324.734	101324.779	101324.734	101324.852	0.118153993	0	0	0	0	0	3
74	66	0	0.998379829	101324.731	101324.776	101324.731	101324.845	0.11336152	0	0	0	0	0	3
75	67	0	1.01187145	101324.728	101324.773	101324.728	101324.836	0.107912717	0.0307409092	0	0	0	0	3
