Iteration	CPUTime	PhysTime	Travels	Value	AvValue	MinValue	MaxValue	Delta	Criteria	PrevAvRefValue	Progress	CriteriaType	CriteriaVarType	CriteriaPercentage
1	5	0	0.0211555066	294.255446	294.255446	294.255446	294.255446	0	0	0	0	0	0	3
2	6	0	0.0423110132	295.047532	294.651489	294.255446	295.047532	0.396042987	0	0	0	0	0	3
3	7	0	0.0634665198	296.042051	295.11501	294.255446	296.042051	0.859563835	0	0	0	0	0	3
4	7	0	0.0846220264	297.371203	295.679058	294.255446	297.371203	1.42361218	0	0	0	0	0	3
5	8	0	0.105777533	299.110099	296.365266	294.255446	299.110099	2.10982039	0	0	0	0	0	3
6	9	0	0.12693304	301.329239	297.192595	294.255446	301.329239	2.93714923	0	0	0	0	0	3
7	10	0	0.148088546	304.115944	298.181645	294.255446	304.115944	3.92619911	0	0	0	0	0	3
8	11	0	0.169244053	307.608681	299.360025	294.255446	307.608681	5.10457862	0	0	0	0	0	3
9	13	0	0.190399559	311.993337	300.763726	294.255446	311.993337	6.50828001	0	0	0	0	0	3
10	14	0	0.211555066	317.494219	302.436775	294.255446	317.494219	8.18132932	0	0	0	0	0	3
11	15	0	0.232710573	343.581825	306.177234	294.255446	343.581825	11.9217884	0	0	0	0	0	3
12	17	0	0.253866079	371.183694	311.594439	294.255446	371.183694	17.3389934	0	0	0	0	0	3
13	18	0	0.275021586	399.471671	318.354226	294.255446	399.471671	24.0987804	0	0	0	0	0	3
14	19	0	0.296177092	427.075999	326.120067	294.255446	427.075999	31.8646213	0	0	0	0	0	3
15	20	0	0.317332599	452.97501	334.577063	294.255446	452.97501	40.3216174	0	0	0	0	0	3
16	21	0	0.338488106	475.976887	343.414552	294.255446	475.976887	49.1591064	0	0	0	0	0	3
17	22	0	0.359643612	494.076309	352.277009	294.255446	494.076309	58.0215627	0	0	0	0	0	3
18	23	0	0.380799119	506.260804	360.831664	294.255446	506.260804	66.576218	0	0	0	0	0	3
19	24	0	0.401954625	513.178704	368.849929	294.255446	513.178704	74.5944832	0	0	0	0	0	3
20	25	0	0.423110132	516.629498	376.238908	294.255446	516.629498	81.9834617	0	0	0	0	0	3
21	26	0	0.444265639	517.791938	382.979528	294.255446	517.791938	88.7240822	0	0	0	0	0	3
22	27	0	0.465421145	518.460995	389.137777	294.255446	518.460995	94.8823307	0	0	0	0	0	3
23	28	0	0.486576652	519.109869	394.788737	294.255446	519.109869	100.533291	0	0	0	0	0	3
24	29	0	0.507732158	519.700295	399.993385	294.255446	519.700295	105.737939	0	0	0	0	0	3
25	30	0	0.528887665	520.240238	409.409418	295.047532	520.240238	114.757929	0	0	0	0	0	3
26	31	0	0.550043172	520.902579	418.820045	296.042051	520.902579	123.705036	0	0	0	0	0	3
27	32	0	0.571198678	521.481235	428.213345	297.371203	521.481235	132.534287	0	0	0	0	0	3
28	33	0	0.592354185	521.963087	437.57134	299.110099	521.963087	141.206074	0	0	0	0	0	3
29	34	0	0.613509691	522.629726	446.884658	301.329239	522.629726	149.692062	0	0	0	0	0	3
30	35	0	0.634665198	523.119445	456.125916	304.115944	523.119445	157.944271	0	0	0	0	0	3
31	35	0	0.655820705	523.893959	465.283333	307.608681	523.893959	165.923309	0	0	0	0	0	3
32	36	0	0.676976211	524.591577	474.324288	311.993337	524.591577	173.560562	0	0	0	0	0	3
33	38	0	0.698131718	525.249702	483.209969	317.494219	525.249702	180.773194	0	0	0	0	0	3
34	38	0	0.719287224	525.946153	491.895467	343.581825	525.946153	182.364328	0	0	0	0	0	3
35	39	0	0.740442731	526.500754	499.517089	371.183694	526.500754	155.317061	0	0	0	0	0	3
36	40	0	0.761598238	527.318856	506.02272	399.471671	527.318856	127.847185	0	0	0	0	0	3
37	41	0	0.782753744	528.141541	511.383965	427.075999	528.141541	101.065542	0	0	0	0	0	3
38	42	0	0.803909251	529.02209	515.631719	452.97501	529.02209	76.0470804	0	0	0	0	0	3
39	43	0	0.825064757	529.937904	518.838506	475.976887	529.937904	53.9610177	0	0	0	0	0	3
40	44	0	0.846220264	530.758458	521.121072	494.076309	530.758458	36.6821483	0	0	0	0	0	3
41	44	0	0.867375771	531.802286	522.692987	506.260804	531.802286	25.5414817	0	0	0	0	0	3
42	45	0	0.888531277	532.698337	523.794551	513.178704	532.698337	19.5196335	0	0	0	0	0	3
43	46	0	0.909686784	533.442215	524.638864	516.629498	533.442215	16.8127173	0	0	0	0	0	3
44	47	0	0.93084229	534.264579	525.373659	517.791938	534.264579	16.4726409	0	0	0	0	0	3
45	48	0	0.951997797	535.284865	526.102531	518.460995	535.284865	16.8238693	0	0	0	0	0	3
46	49	0	0.973153303	536.140532	526.839178	519.109869	536.140532	17.0306627	0	0	0	0	0	3
47	50	0	0.99430881	537.007189	527.5849	519.700295	537.007189	17.306894	0	0	0	0	0	3
48	50	0	1.01546432	537.931508	528.344534	520.240238	537.931508	17.6912698	15.4248069	0	87.1	0	0	3
49	51	0	1.03661982	538.978399	529.125291	520.902579	538.978399	18.0758194	15.491565	0	85.7	0	0	3
50	52	0	1.05777533	539.906919	529.917138	521.481235	539.906919	18.4256842	15.5211699	0	84.2	0	0	3
51	53	0	1.07893084	541.146038	530.736505	521.963087	541.146038	19.1829509	15.5291245	0	80.9	0	0	3
52	54	0	1.10008634	542.565615	531.594944	522.629726	542.565615	19.9358897	15.5280112	0	77.8	0	0	3
53	55	0	1.12124185	543.896662	532.481066	523.119445	543.896662	20.7772163	15.5160169	0	74.6	0	0	3
54	56	0	1.14239736	545.529243	533.414808	523.893959	545.529243	21.635284	15.4957546	0	71.6	0	0	3
55	56	0	1.16355286	546.738546	534.366665	524.591577	546.738546	22.1469691	15.4604801	0	69.8	0	0	3
56	57	0	1.18470837	548.061103	535.344562	525.249702	548.061103	22.8114009	15.4248069	0	67.6	0	0	3
57	58	0	1.20586388	549.071623	536.337142	525.946153	549.071623	23.1254699	15.4248069	0	66.7	0	0	3
58	59	0	1.22701938	550.13536	537.345026	526.500754	550.13536	23.6346057	15.4248069	0	65.2	0	0	3
59	60	0	1.24817489	550.840101	538.359165	527.318856	550.840101	23.5212454	15.4248069	0	65.5	0	0	3
60	61	0	1.2693304	551.793757	539.378953	528.141541	551.793757	23.6522161	15.4248069	0	65.2	0	0	3
61	62	0	1.2904859	552.746869	540.404175	529.02209	552.746869	23.7247795	15.4248069	0	65	0	0	3
62	63	0	1.31164141	553.650606	541.430363	529.937904	553.650606	22.591857	15.4248069	0	68.2	0	0	3
63	64	0	1.33279692	554.495288	542.453587	530.758458	554.495288	21.3325158	15.4248069	0	72.3	0	0	3
64	65	0	1.35395242	555.166248	543.470579	531.802286	555.166248	20.7775914	15.4248069	0	74.2	0	0	3
65	65	0	1.37510793	555.770197	544.469242	532.698337	555.770197	20.6746905	15.4248069	0	74.6	0	0	3
66	66	0	1.39626344	556.375993	545.455811	533.442215	556.375993	20.8169465	15.4248069	0	74	0	0	3
67	67	0	1.41741894	557.004302	546.437564	534.264579	557.004302	21.0639051	15.4248069	0	73.2	0	0	3
68	68	0	1.43857445	557.568296	547.408552	535.284865	557.568296	21.3060214	15.4248069	0	72.3	0	0	3
69	69	0	1.45972996	558.000962	548.355056	536.140532	558.000962	21.5158781	15.4248069	0	71.6	0	0	3
70	70	0	1.48088546	558.627439	549.292011	537.007189	558.627439	21.6202508	15.4248069	0	71.3	0	0	3
71	71	0	1.50204097	559.020719	550.209241	537.931508	559.020719	21.0892108	15.4248069	0	73.1	0	0	3
72	72	0	1.52319648	559.258642	551.097872	538.978399	559.258642	20.2802432	15.4248069	0	76	0	0	3
73	72	0	1.54435198	559.368878	551.947475	539.906919	559.368878	19.4619588	15.4248069	0	79.2	0	0	3
74	73	0	1.56550749	559.488369	552.763369	541.146038	559.488369	18.3423304	15.4248069	0	84	0	0	3
75	74	0	1.58666299	558.322353	553.479049	542.565615	559.488369	16.9227533	15.4248069	0	91.1	0	0	3
76	75	0	1.6078185	556.686494	554.067419	543.896662	559.488369	15.5917067	15.4248069	0	98.9	0	0	3
77	76	0	1.62897401	554.859831	554.524217	545.529243	559.488369	13.9591254	15.4248069	0	100	0	0	3
78	77	0	1.65012951	553.160235	554.842175	546.738546	559.488369	12.7498222	15.4248069	0	100	0	0	3
79	78	0	1.67128502	550.555542	555.001217	548.061103	559.488369	11.4272657	15.4248069	0	100	0	0	3
80	79	0	1.69244053	548.133113	555.004217	548.133113	559.488369	11.3552554	15.4248069	0	100	0	0	3
81	80	0	1.71359603	546.047015	554.878192	546.047015	559.488369	13.4413531	15.4248069	0	100	0	0	3
82	80	0	1.73475154	544.889335	554.659608	544.889335	559.488369	14.5990339	15.4248069	0	100	0	0	3
83	81	0	1.75590705	543.909533	554.370834	543.909533	559.488369	15.5788357	15.4248069	0	99	0	0	3
84	82	0	1.77706255	543.732669	554.034955	543.732669	559.488369	14.6000425	15.4248069	0	100	0	0	3
85	83	0	1.79821806	544.145308	553.676557	543.732669	559.488369	13.5738543	15.4248069	0	100	0	0	3
86	84	0	1.81937357	544.573298	553.298336	543.732669	559.488369	12.55063	15.4248069	0	100	0	0	3
87	85	0	1.84052907	545.481054	552.922743	543.732669	559.488369	11.5336387	15.4248069	0	100	0	0	3
88	86	0	1.86168458	546.845575	552.576048	543.732669	559.488369	10.5349758	15.4248069	0	100	0	0	3
89	86	0	1.88284009	547.922014	552.24904	543.732669	559.488369	9.54840679	15.4248069	0	100	0	0	3
