Iteration	CPUTime	PhysTime	Travels	Value	AvValue	MinValue	MaxValue	Delta	Criteria	PrevAvRefValue	Progress	CriteriaType	CriteriaVarType	CriteriaPercentage
1	5	0	0.0211555066	112084.527	112084.527	112084.527	112084.527	0	0	0	0	0	0	3
2	6	0	0.0423110132	122814.372	117449.449	112084.527	122814.372	5364.92249	0	0	0	0	0	3
3	7	0	0.0634665198	116620.352	117173.083	112084.527	122814.372	5364.92249	0	0	0	0	0	3
4	7	0	0.0846220264	110816.602	115583.963	110816.602	122814.372	5364.92249	0	0	0	0	0	3
5	8	0	0.105777533	105363.475	113539.865	105363.475	122814.372	5364.92249	0	0	0	0	0	3
6	9	0	0.12693304	103342.21	111840.256	103342.21	122814.372	5609.19292	0	0	0	0	0	3
7	10	0	0.148088546	103751.475	110684.716	103342.21	122814.372	6764.73303	0	0	0	0	0	3
8	11	0	0.169244053	103955.294	109843.538	103342.21	122814.372	7605.91085	0	0	0	0	0	3
9	13	0	0.190399559	103905.814	109183.791	103342.21	122814.372	8265.65804	0	0	0	0	0	3
10	14	0	0.211555066	103838.587	108649.271	103342.21	122814.372	8800.17845	0	0	0	0	0	3
11	15	0	0.232710573	103791.254	108207.633	103342.21	122814.372	9241.81629	0	0	0	0	0	3
12	17	0	0.253866079	103784.558	107839.043	103342.21	122814.372	9610.4059	0	0	0	0	0	3
13	18	0	0.275021586	103717.233	107521.981	103342.21	122814.372	9927.46819	0	0	0	0	0	3
14	19	0	0.296177092	103692.068	107248.416	103342.21	122814.372	10201.0334	0	0	0	0	0	3
15	20	0	0.317332599	103696.759	107011.639	103342.21	122814.372	10437.8105	0	0	0	0	0	3
16	21	0	0.338488106	103590.146	106797.795	103342.21	122814.372	10651.6538	0	0	0	0	0	3
17	22	0	0.359643612	103547.557	106606.605	103342.21	122814.372	10842.8443	0	0	0	0	0	3
18	23	0	0.380799119	103505.734	106434.334	103342.21	122814.372	11015.1149	0	0	0	0	0	3
19	24	0	0.401954625	103477.778	106278.726	103342.21	122814.372	11170.7231	0	0	0	0	0	3
20	25	0	0.423110132	103458.28	106137.704	103342.21	122814.372	11311.7454	0	0	0	0	0	3
21	26	0	0.444265639	103431.49	106008.836	103342.21	122814.372	11440.6128	0	0	0	0	0	3
22	27	0	0.465421145	103408.086	105890.62	103342.21	122814.372	11558.8287	0	0	0	0	0	3
23	28	0	0.486576652	103378.44	105781.395	103342.21	122814.372	11668.0539	0	0	0	0	0	3
24	29	0	0.507732158	103335.997	105679.504	103335.997	122814.372	11769.9455	0	0	0	0	0	3
25	30	0	0.528887665	103295.278	105313.285	103295.278	122814.372	12136.1642	0	0	0	0	0	3
26	31	0	0.550043172	103226.163	104497.11	103226.163	116620.352	12675.9738	0	0	0	0	0	3
27	32	0	0.571198678	103171.448	103936.739	103171.448	110816.602	7645.15443	0	0	0	0	0	3
28	33	0	0.592354185	103140.774	103616.912	103140.774	105363.475	2222.70051	0	0	0	0	0	3
29	34	0	0.613509691	103074.956	103521.557	103074.956	103955.294	880.338037	0	0	0	0	0	3
30	35	0	0.634665198	103022.204	103508.224	103022.204	103955.294	933.089202	0	0	0	0	0	3
31	35	0	0.655820705	102979.321	103476.051	102979.321	103955.294	975.972544	0	0	0	0	0	3
32	36	0	0.676976211	102969.506	103434.976	102969.506	103905.814	936.307717	0	0	0	0	0	3
33	38	0	0.698131718	102961.804	103395.643	102961.804	103838.587	876.782695	0	0	0	0	0	3
34	38	0	0.719287224	102954.907	103358.823	102954.907	103791.254	836.34783	0	0	0	0	0	3
35	39	0	0.740442731	102961.222	103324.238	102954.907	103784.558	829.651035	0	0	0	0	0	3
36	40	0	0.761598238	102968.829	103290.249	102954.907	103717.233	762.326795	0	0	0	0	0	3
37	41	0	0.782753744	102980.31	103259.544	102954.907	103696.759	741.852785	0	0	0	0	0	3
38	42	0	0.803909251	102986.106	103230.129	102954.907	103696.759	741.852785	0	0	0	0	0	3
39	43	0	0.825064757	102999.482	103201.076	102954.907	103590.146	635.238912	0	0	0	0	0	3
40	44	0	0.846220264	103007.175	103176.785	102954.907	103547.557	592.65036	0	0	0	0	0	3
41	44	0	0.867375771	103023.118	103154.934	102954.907	103505.734	550.827173	0	0	0	0	0	3
42	45	0	0.888531277	103037.597	103135.428	102954.907	103477.778	522.871717	0	0	0	0	0	3
43	46	0	0.909686784	103057.767	103117.927	102954.907	103458.28	503.373487	0	0	0	0	0	3
44	47	0	0.93084229	103067.572	103101.648	102954.907	103431.49	476.582923	0	0	0	0	0	3
45	48	0	0.951997797	103080.749	103087.034	102954.907	103408.086	453.179407	0	0	0	0	0	3
46	49	0	0.973153303	103085.034	103073.573	102954.907	103378.44	423.533805	0	0	0	0	0	3
47	50	0	0.99430881	103094.545	103061.744	102954.907	103335.997	381.090237	0	0	0	0	0	3
48	50	0	1.01546432	103098.097	103051.832	102954.907	103295.278	340.371094	871.4181	0	100	0	0	3
49	51	0	1.03661982	103108.756	103044.06	102954.907	103226.163	271.256138	871.4181	0	100	0	0	3
50	52	0	1.05777533	103109.757	103039.21	102954.907	103171.448	216.541344	871.4181	0	100	0	0	3
51	53	0	1.07893084	103114.416	103036.833	102954.907	103140.774	185.867763	871.4181	0	100	0	0	3
52	54	0	1.10008634	103115.338	103035.774	102954.907	103115.338	160.431722	871.4181	0	100	0	0	3
53	55	0	1.12124185	103118.369	103037.582	102954.907	103118.369	163.461894	871.4181	0	100	0	0	3
54	56	0	1.14239736	103114.819	103041.441	102954.907	103118.369	163.461894	871.4181	0	100	0	0	3
55	56	0	1.16355286	103116.366	103047.152	102954.907	103118.369	163.461894	871.4181	0	100	0	0	3
56	57	0	1.18470837	103111.974	103053.088	102954.907	103118.369	163.461894	871.4181	0	100	0	0	3
57	58	0	1.20586388	103111.357	103059.319	102954.907	103118.369	163.461894	871.4181	0	100	0	0	3
58	59	0	1.22701938	103107.734	103065.687	102961.222	103118.369	157.146578	871.4181	0	100	0	0	3
59	60	0	1.24817489	103107.992	103071.802	102968.829	103118.369	149.539677	871.4181	0	100	0	0	3
60	61	0	1.2693304	103101.731	103077.34	102980.31	103118.369	138.058959	871.4181	0	100	0	0	3
61	62	0	1.2904859	103099.269	103082.297	102986.106	103118.369	132.262993	871.4181	0	100	0	0	3
62	63	0	1.31164141	103091.454	103086.686	102999.482	103118.369	118.886271	871.4181	0	100	0	0	3
63	64	0	1.33279692	103088.677	103090.403	103007.175	103118.369	111.193874	871.4181	0	100	0	0	3
64	65	0	1.35395242	103084.259	103093.614	103023.118	103118.369	95.2502843	871.4181	0	100	0	0	3
65	65	0	1.37510793	103081.827	103096.061	103037.597	103118.369	80.7711162	871.4181	0	100	0	0	3
66	66	0	1.39626344	103077.623	103097.728	103057.767	103118.369	60.601852	871.4181	0	100	0	0	3
67	67	0	1.41741894	103077.995	103098.571	103067.572	103118.369	50.796143	871.4181	0	100	0	0	3
68	68	0	1.43857445	103071.511	103098.735	103071.511	103118.369	46.8572362	871.4181	0	100	0	0	3
69	69	0	1.45972996	103069.073	103098.249	103069.073	103118.369	49.2959935	871.4181	0	100	0	0	3
70	70	0	1.48088546	103065.75	103097.445	103065.75	103118.369	52.6184769	871.4181	0	100	0	0	3
71	71	0	1.50204097	103066.783	103096.289	103065.75	103118.369	52.6184769	871.4181	0	100	0	0	3
72	72	0	1.52319648	103065.243	103094.92	103065.243	103118.369	53.1258818	871.4181	0	100	0	0	3
73	72	0	1.54435198	103066.536	103093.16	103065.243	103118.369	53.1258818	871.4181	0	100	0	0	3
74	73	0	1.56550749	103070.216	103091.513	103065.243	103118.369	53.1258818	871.4181	0	100	0	0	3
75	74	0	1.58666299	103073.286	103089.799	103065.243	103118.369	53.1258818	871.4181	0	100	0	0	3
76	75	0	1.6078185	103079.893	103088.322	103065.243	103118.369	53.1258818	871.4181	0	100	0	0	3
77	76	0	1.62897401	103085.647	103086.959	103065.243	103116.366	51.1231154	871.4181	0	100	0	0	3
78	77	0	1.65012951	103092.459	103086.027	103065.243	103116.366	51.1231154	871.4181	0	100	0	0	3
79	78	0	1.67128502	103101.919	103085.425	103065.243	103111.974	45.6474841	871.4181	0	100	0	0	3
80	79	0	1.69244053	103107.619	103085.244	103065.243	103111.357	39.4161397	871.4181	0	100	0	0	3
81	80	0	1.71359603	103118.555	103085.544	103065.243	103118.555	33.0483488	871.4181	0	100	0	0	3
82	80	0	1.73475154	103121.652	103086.124	103065.243	103121.652	26.9329157	871.4181	0	100	0	0	3
83	81	0	1.75590705	103125.007	103086.833	103065.243	103125.007	21.3953204	871.4181	0	100	0	0	3
84	82	0	1.77706255	103123.553	103087.742	103065.243	103125.007	16.4386923	871.4181	0	100	0	0	3
85	83	0	1.79821806	103124.03	103088.774	103065.243	103125.007	13.4915251	871.4181	0	100	0	0	3
86	84	0	1.81937357	103125.849	103090.207	103065.243	103125.849	13.4915251	871.4181	0	100	0	0	3
87	85	0	1.84052907	103127.053	103091.806	103065.243	103127.053	13.4915251	871.4181	0	100	0	0	3
88	86	0	1.86168458	103124.037	103093.463	103065.243	103127.053	13.4915251	871.4181	0	100	0	0	3
89	86	0	1.88284009	103125.975	103095.303	103065.243	103127.053	13.4915251	871.4181	0	100	0	0	3
