Iteration	CPUTime	PhysTime	Travels	Value	AvValue	MinValue	MaxValue	Delta	Criteria	PrevAvRefValue	Progress	CriteriaType	CriteriaVarType	CriteriaPercentage
1	5	0	0.0211555066	0.8	0.8	0.8	0.8	0	0	0	0	0	0	3
2	6	0	0.0423110132	0.8	0.8	0.8	0.8	9.99200722e-16	0	0	0	0	0	3
3	7	0	0.0634665198	0.8	0.8	0.8	0.8	9.99200722e-16	0	0	0	0	0	3
4	7	0	0.0846220264	0.8	0.8	0.8	0.8	9.99200722e-16	0	0	0	0	0	3
5	8	0	0.105777533	0.8	0.8	0.8	0.8	9.99200722e-16	0	0	0	0	0	3
6	9	0	0.12693304	0.8	0.8	0.8	0.8	9.99200722e-16	0	0	0	0	0	3
7	10	0	0.148088546	0.8	0.8	0.8	0.8	9.99200722e-16	0	0	0	0	0	3
8	11	0	0.169244053	0.8	0.8	0.8	0.8	1.11022302e-15	0	0	0	0	0	3
9	13	0	0.190399559	0.8	0.8	0.8	0.8	1.11022302e-15	0	0	0	0	0	3
10	14	0	0.211555066	0.8	0.8	0.8	0.8	1.33226763e-15	0	0	0	0	0	3
11	15	0	0.232710573	0.8	0.8	0.8	0.8	1.33226763e-15	0	0	0	0	0	3
12	17	0	0.253866079	0.8	0.8	0.8	0.8	1.33226763e-15	0	0	0	0	0	3
13	18	0	0.275021586	0.8	0.8	0.8	0.8	1.33226763e-15	0	0	0	0	0	3
14	19	0	0.296177092	0.8	0.8	0.8	0.8	1.33226763e-15	0	0	0	0	0	3
15	20	0	0.317332599	0.8	0.8	0.8	0.8	1.33226763e-15	0	0	0	0	0	3
16	21	0	0.338488106	0.8	0.8	0.8	0.8	1.33226763e-15	0	0	0	0	0	3
17	22	0	0.359643612	0.8	0.8	0.8	0.8	1.33226763e-15	0	0	0	0	0	3
18	23	0	0.380799119	0.8	0.8	0.8	0.8	1.33226763e-15	0	0	0	0	0	3
19	24	0	0.401954625	0.8	0.8	0.8	0.8	1.33226763e-15	0	0	0	0	0	3
20	25	0	0.423110132	0.8	0.8	0.8	0.8	1.33226763e-15	0	0	0	0	0	3
21	26	0	0.444265639	0.8	0.8	0.8	0.8	1.33226763e-15	0	0	0	0	0	3
22	27	0	0.465421145	0.8	0.8	0.8	0.8	1.33226763e-15	0	0	0	0	0	3
23	28	0	0.486576652	0.8	0.8	0.8	0.8	1.33226763e-15	0	0	0	0	0	3
24	29	0	0.507732158	0.8	0.8	0.8	0.8	1.33226763e-15	0	0	0	0	0	3
25	30	0	0.528887665	0.8	0.8	0.8	0.8	1.33226763e-15	0	0	0	0	0	3
26	31	0	0.550043172	0.8	0.8	0.8	0.8	9.99200722e-16	0	0	0	0	0	3
27	32	0	0.571198678	0.8	0.8	0.8	0.8	9.99200722e-16	0	0	0	0	0	3
28	33	0	0.592354185	0.8	0.8	0.8	0.8	9.99200722e-16	0	0	0	0	0	3
29	34	0	0.613509691	0.8	0.8	0.8	0.8	9.99200722e-16	0	0	0	0	0	3
30	35	0	0.634665198	0.8	0.8	0.8	0.8	5.55111512e-16	0	0	0	0	0	3
31	35	0	0.655820705	0.8	0.8	0.8	0.8	5.55111512e-16	0	0	0	0	0	3
32	36	0	0.676976211	0.8	0.8	0.8	0.8	5.55111512e-16	0	0	0	0	0	3
33	38	0	0.698131718	0.8	0.8	0.8	0.8	5.55111512e-16	0	0	0	0	0	3
34	38	0	0.719287224	0.8	0.8	0.8	0.8	5.55111512e-16	0	0	0	0	0	3
35	39	0	0.740442731	0.8	0.8	0.8	0.8	4.4408921e-16	0	0	0	0	0	3
36	40	0	0.761598238	0.8	0.8	0.8	0.8	4.4408921e-16	0	0	0	0	0	3
37	41	0	0.782753744	0.8	0.8	0.8	0.8	5.55111512e-16	0	0	0	0	0	3
38	42	0	0.803909251	0.8	0.8	0.8	0.8	5.55111512e-16	0	0	0	0	0	3
39	43	0	0.825064757	0.8	0.8	0.8	0.8	5.55111512e-16	0	0	0	0	0	3
40	44	0	0.846220264	0.8	0.8	0.8	0.8	5.55111512e-16	0	0	0	0	0	3
41	44	0	0.867375771	0.8	0.8	0.8	0.8	5.55111512e-16	0	0	0	0	0	3
42	45	0	0.888531277	0.8	0.8	0.8	0.8	5.55111512e-16	0	0	0	0	0	3
43	46	0	0.909686784	0.8	0.8	0.8	0.8	5.55111512e-16	0	0	0	0	0	3
44	47	0	0.93084229	0.8	0.8	0.8	0.8	5.55111512e-16	0	0	0	0	0	3
45	48	0	0.951997797	0.8	0.8	0.8	0.8	5.55111512e-16	0	0	0	0	0	3
46	49	0	0.973153303	0.8	0.8	0.8	0.8	5.55111512e-16	0	0	0	0	0	3
47	50	0	0.99430881	0.8	0.8	0.8	0.8	5.55111512e-16	0	0	0	0	0	3
48	50	0	1.01546432	0.8	0.8	0.8	0.8	5.55111512e-16	8e-09	0	0	0	0	3
49	51	0	1.03661982	0.8	0.8	0.8	0.8	5.55111512e-16	8e-09	0	0	0	0	3
50	52	0	1.05777533	0.8	0.8	0.8	0.8	5.55111512e-16	8e-09	0	0	0	0	3
51	53	0	1.07893084	0.8	0.8	0.8	0.8	5.55111512e-16	8e-09	0	0	0	0	3
52	54	0	1.10008634	0.8	0.8	0.8	0.8	5.55111512e-16	8e-09	0	0	0	0	3
53	55	0	1.12124185	0.8	0.8	0.8	0.8	5.55111512e-16	8e-09	0	0	0	0	3
54	56	0	1.14239736	0.8	0.8	0.8	0.8	5.55111512e-16	8e-09	0	0	0	0	3
55	56	0	1.16355286	0.8	0.8	0.8	0.8	5.55111512e-16	8e-09	0	0	0	0	3
56	57	0	1.18470837	0.8	0.8	0.8	0.8	2.22044605e-16	8e-09	0	0	0	0	3
57	58	0	1.20586388	0.8	0.8	0.8	0.8	2.22044605e-16	8e-09	0	0	0	0	3
58	59	0	1.22701938	0.8	0.8	0.8	0.8	2.22044605e-16	8e-09	0	0	0	0	3
59	60	0	1.24817489	0.8	0.8	0.8	0.8	2.22044605e-16	8e-09	0	0	0	0	3
60	61	0	1.2693304	0.8	0.8	0.8	0.8	2.22044605e-16	8e-09	0	0	0	0	3
61	62	0	1.2904859	0.8	0.8	0.8	0.8	2.22044605e-16	8e-09	0	0	0	0	3
62	63	0	1.31164141	0.8	0.8	0.8	0.8	2.22044605e-16	8e-09	0	0	0	0	3
63	64	0	1.33279692	0.8	0.8	0.8	0.8	2.22044605e-16	8e-09	0	0	0	0	3
64	65	0	1.35395242	0.8	0.8	0.8	0.8	4.4408921e-16	8e-09	0	0	0	0	3
65	65	0	1.37510793	0.8	0.8	0.8	0.8	4.4408921e-16	8e-09	0	0	0	0	3
66	66	0	1.39626344	0.8	0.8	0.8	0.8	4.4408921e-16	8e-09	0	0	0	0	3
67	67	0	1.41741894	0.8	0.8	0.8	0.8	4.4408921e-16	8e-09	0	0	0	0	3
68	68	0	1.43857445	0.8	0.8	0.8	0.8	4.4408921e-16	8e-09	0	0	0	0	3
69	69	0	1.45972996	0.8	0.8	0.8	0.8	4.4408921e-16	8e-09	0	0	0	0	3
70	70	0	1.48088546	0.8	0.8	0.8	0.8	4.4408921e-16	8e-09	0	0	0	0	3
71	71	0	1.50204097	0.8	0.8	0.8	0.8	4.4408921e-16	8e-09	0	0	0	0	3
72	72	0	1.52319648	0.8	0.8	0.8	0.8	4.4408921e-16	8e-09	0	0	0	0	3
73	72	0	1.54435198	0.8	0.8	0.8	0.8	4.4408921e-16	8e-09	0	0	0	0	3
74	73	0	1.56550749	0.8	0.8	0.8	0.8	4.4408921e-16	8e-09	0	0	0	0	3
75	74	0	1.58666299	0.8	0.8	0.8	0.8	4.4408921e-16	8e-09	0	0	0	0	3
76	75	0	1.6078185	0.8	0.8	0.8	0.8	4.4408921e-16	8e-09	0	0	0	0	3
77	76	0	1.62897401	0.8	0.8	0.8	0.8	4.4408921e-16	8e-09	0	0	0	0	3
78	77	0	1.65012951	0.8	0.8	0.8	0.8	4.4408921e-16	8e-09	0	0	0	0	3
79	78	0	1.67128502	0.8	0.8	0.8	0.8	4.4408921e-16	8e-09	0	0	0	0	3
80	79	0	1.69244053	0.8	0.8	0.8	0.8	4.4408921e-16	8e-09	0	0	0	0	3
81	80	0	1.71359603	0.8	0.8	0.8	0.8	4.4408921e-16	8e-09	0	0	0	0	3
82	80	0	1.73475154	0.8	0.8	0.8	0.8	4.4408921e-16	8e-09	0	0	0	0	3
83	81	0	1.75590705	0.8	0.8	0.8	0.8	4.4408921e-16	8e-09	0	0	0	0	3
84	82	0	1.77706255	0.8	0.8	0.8	0.8	4.4408921e-16	8e-09	0	0	0	0	3
85	83	0	1.79821806	0.8	0.8	0.8	0.8	4.4408921e-16	8e-09	0	0	0	0	3
86	84	0	1.81937357	0.8	0.8	0.8	0.8	4.4408921e-16	8e-09	0	0	0	0	3
87	85	0	1.84052907	0.8	0.8	0.8	0.8	4.4408921e-16	8e-09	0	0	0	0	3
88	86	0	1.86168458	0.8	0.8	0.8	0.8	4.4408921e-16	8e-09	0	0	0	0	3
89	86	0	1.88284009	0.8	0.8	0.8	0.8	4.4408921e-16	8e-09	0	0	0	0	3
