Iteration	CPUTime	PhysTime	Travels	Value	AvValue	MinValue	MaxValue	Delta	Criteria	PrevAvRefValue	Progress	CriteriaType	CriteriaVarType	CriteriaPercentage
1	5	0	0.0211555066	0.000299589166	0.000299589166	0.000299589166	0.000299589166	0	0	0	0	0	0	3
2	6	0	0.0423110132	7.18816161e-05	0.000185735391	7.18816161e-05	0.000299589166	0.000113853775	0	0	0	0	0	3
3	7	0	0.0634665198	7.91254033e-06	0.000126461107	7.91254033e-06	0.000299589166	0.000173128058	0	0	0	0	0	3
4	7	0	0.0846220264	-1.43139465e-05	9.12673439e-05	-1.43139465e-05	0.000299589166	0.000208321822	0	0	0	0	0	3
5	8	0	0.105777533	-1.34868065e-05	7.03165138e-05	-1.43139465e-05	0.000299589166	0.000229272652	0	0	0	0	0	3
6	9	0	0.12693304	-2.77065191e-06	5.81353195e-05	-1.43139465e-05	0.000299589166	0.000241453846	0	0	0	0	0	3
7	10	0	0.148088546	-1.20236685e-07	4.98130972e-05	-1.43139465e-05	0.000299589166	0.000249776068	0	0	0	0	0	3
8	11	0	0.169244053	1.13941633e-07	4.36007028e-05	-1.43139465e-05	0.000299589166	0.000255988463	0	0	0	0	0	3
9	13	0	0.190399559	4.66923639e-08	3.87613683e-05	-1.43139465e-05	0.000299589166	0.000260827797	0	0	0	0	0	3
10	14	0	0.211555066	1.43369596e-09	3.48853748e-05	-1.43139465e-05	0.000299589166	0.000264703791	0	0	0	0	0	3
11	15	0	0.232710573	-1.77742934e-10	3.1713961e-05	-1.43139465e-05	0.000299589166	0.000267875205	0	0	0	0	0	3
12	17	0	0.253866079	-3.69677128e-09	2.90708228e-05	-1.43139465e-05	0.000299589166	0.000270518343	0	0	0	0	0	3
13	18	0	0.275021586	-1.8832645e-10	2.68345912e-05	-1.43139465e-05	0.000299589166	0.000272754575	0	0	0	0	0	3
14	19	0	0.296177092	-1.41013666e-09	2.49177339e-05	-1.43139465e-05	0.000299589166	0.000274671432	0	0	0	0	0	3
15	20	0	0.317332599	-2.4883074e-09	2.32563858e-05	-1.43139465e-05	0.000299589166	0.00027633278	0	0	0	0	0	3
16	21	0	0.338488106	-5.65612623e-10	2.18028263e-05	-1.43139465e-05	0.000299589166	0.000277786339	0	0	0	0	0	3
17	22	0	0.359643612	-3.26460287e-09	2.05201151e-05	-1.43139465e-05	0.000299589166	0.000279069051	0	0	0	0	0	3
18	23	0	0.380799119	-2.74026178e-09	1.93799565e-05	-1.43139465e-05	0.000299589166	0.000280209209	0	0	0	0	0	3
19	24	0	0.401954625	-3.07363265e-09	1.8359797e-05	-1.43139465e-05	0.000299589166	0.000281229369	0	0	0	0	0	3
20	25	0	0.423110132	-2.71108696e-09	1.74416716e-05	-1.43139465e-05	0.000299589166	0.000282147494	0	0	0	0	0	3
21	26	0	0.444265639	-1.29543971e-09	1.66110541e-05	-1.43139465e-05	0.000299589166	0.000282978112	0	0	0	0	0	3
22	27	0	0.465421145	-2.79340217e-09	1.58558792e-05	-1.43139465e-05	0.000299589166	0.000283733286	0	0	0	0	0	3
23	28	0	0.486576652	-2.4508052e-09	1.51663866e-05	-1.43139465e-05	0.000299589166	0.000284422779	0	0	0	0	0	3
24	29	0	0.507732158	-2.50938813e-09	1.45343493e-05	-1.43139465e-05	0.000299589166	0.000285054816	0	0	0	0	0	3
25	30	0	0.528887665	-3.66163392e-09	2.05131481e-06	-1.43139465e-05	7.18816161e-05	8.61955626e-05	0	0	0	0	0	3
26	31	0	0.550043172	-2.44378459e-09	-9.43854353e-07	-1.43139465e-05	7.91254033e-06	2.22264868e-05	0	0	0	0	0	3
27	32	0	0.571198678	-4.26818444e-09	-1.27372137e-06	-1.43139465e-05	1.13941633e-07	1.44278881e-05	0	0	0	0	0	3
28	33	0	0.592354185	-4.02766833e-09	-6.77474757e-07	-1.34868065e-05	1.13941633e-07	1.36007481e-05	0	0	0	0	0	3
29	34	0	0.613509691	-1.27844196e-09	-1.15577755e-07	-2.77065191e-06	1.13941633e-07	2.88459354e-06	0	0	0	0	0	3
30	35	0	0.634665198	-2.25047818e-09	-2.27695827e-10	-1.20236685e-07	1.13941633e-07	2.34178318e-07	0	0	0	0	0	3
31	35	0	0.655820705	-1.51888936e-09	4.71887898e-09	-4.26818444e-09	1.13941633e-07	1.18209818e-07	0	0	0	0	0	3
32	36	0	0.676976211	-2.77286196e-09	-1.44224987e-10	-4.26818444e-09	4.66923639e-08	5.09605484e-08	0	0	0	0	0	3
33	38	0	0.698131718	-1.89617406e-09	-2.1687474e-09	-4.26818444e-09	1.43369596e-09	5.7018804e-09	0	0	0	0	0	3
34	38	0	0.719287224	-1.04050348e-09	-2.27183905e-09	-4.26818444e-09	-1.77742934e-10	4.09044151e-09	0	0	0	0	0	3
35	39	0	0.740442731	-9.21429106e-10	-2.30282597e-09	-4.26818444e-09	-1.8832645e-10	4.07985799e-09	0	0	0	0	0	3
36	40	0	0.761598238	-3.25218076e-10	-2.16234459e-09	-4.26818444e-09	-1.8832645e-10	4.07985799e-09	0	0	0	0	0	3
37	41	0	0.782753744	-6.87622411e-10	-2.18314858e-09	-4.26818444e-09	-3.25218076e-10	3.94296637e-09	0	0	0	0	0	3
38	42	0	0.803909251	-2.09277975e-10	-2.13311281e-09	-4.26818444e-09	-2.09277975e-10	4.05890647e-09	0	0	0	0	0	3
39	43	0	0.825064757	8.87371732e-11	-2.02573595e-09	-4.26818444e-09	8.87371732e-11	4.35692162e-09	0	0	0	0	0	3
40	44	0	0.846220264	2.90113012e-10	-1.99008071e-09	-4.26818444e-09	2.90113012e-10	4.55829746e-09	0	0	0	0	0	3
41	44	0	0.867375771	1.82987464e-10	-1.84643112e-09	-4.26818444e-09	2.90113012e-10	4.55829746e-09	0	0	0	0	0	3
42	45	0	0.888531277	4.07437645e-11	-1.73055589e-09	-4.26818444e-09	2.90113012e-10	4.55829746e-09	0	0	0	0	0	3
43	46	0	0.909686784	5.83040675e-10	-1.5781945e-09	-4.26818444e-09	5.83040675e-10	4.85122512e-09	0	0	0	0	0	3
44	47	0	0.93084229	4.39646532e-10	-1.44691394e-09	-4.26818444e-09	5.83040675e-10	4.85122512e-09	0	0	0	0	0	3
45	48	0	0.951997797	5.1994509e-10	-1.3712729e-09	-4.26818444e-09	5.83040675e-10	4.85122512e-09	0	0	0	0	0	3
46	49	0	0.973153303	7.50370982e-10	-1.22361569e-09	-4.26818444e-09	7.50370982e-10	5.01855543e-09	0	0	0	0	0	3
47	50	0	0.99430881	1.44075582e-09	-1.06146731e-09	-4.26818444e-09	1.44075582e-09	5.70894027e-09	0	0	0	0	0	3
48	50	0	1.01546432	2.64662691e-09	-8.46633351e-10	-4.26818444e-09	2.64662691e-09	6.91481135e-09	0.000160012592	0	0	0	0	3
49	51	0	1.03661982	2.79091744e-09	-5.77777044e-10	-4.26818444e-09	2.79091744e-09	7.05910189e-09	0.000160012592	0	0	0	0	3
50	52	0	1.05777533	3.23994315e-09	-3.40955055e-10	-4.26818444e-09	3.23994315e-09	7.5081276e-09	0.000160012592	0	0	0	0	3
51	53	0	1.07893084	3.36325919e-09	-2.29782365e-11	-4.02766833e-09	3.36325919e-09	7.39092752e-09	0.000160012592	0	0	0	0	3
52	54	0	1.10008634	2.67621563e-09	2.56350262e-10	-2.77286196e-09	3.36325919e-09	6.13612116e-09	0.000160012592	0	0	0	0	3
53	55	0	1.12124185	2.84522019e-09	4.28169518e-10	-2.77286196e-09	3.36325919e-09	6.13612116e-09	0.000160012592	0	0	0	0	3
54	56	0	1.14239736	4.25578103e-09	6.99263652e-10	-2.77286196e-09	4.25578103e-09	7.02170495e-09	0.000160012592	0	0	0	0	3
55	56	0	1.16355286	3.78000857e-09	9.20051065e-10	-2.77286196e-09	4.25578103e-09	3.22287703e-09	0.000160012592	0	0	0	0	3
56	57	0	1.18470837	3.40789549e-09	1.17758263e-09	-1.89617406e-09	4.25578103e-09	3.4804086e-09	0.000160012592	0	0	0	0	3
57	58	0	1.20586388	3.66082954e-09	1.40912444e-09	-1.04050348e-09	4.25578103e-09	3.71195041e-09	0.000160012592	0	0	0	0	3
58	59	0	1.22701938	3.43388677e-09	1.59555737e-09	-9.21429106e-10	4.25578103e-09	3.89838334e-09	0.000160012592	0	0	0	0	3
59	60	0	1.24817489	3.95182965e-09	1.79860982e-09	-6.87622411e-10	4.25578103e-09	3.9817584e-09	0.000160012592	0	0	0	0	3
60	61	0	1.2693304	5.1106228e-09	2.02510319e-09	-6.87622411e-10	5.1106228e-09	4.20825177e-09	0.000160012592	0	0	0	0	3
61	62	0	1.2904859	4.11981638e-09	2.22541314e-09	-2.09277975e-10	5.1106228e-09	4.35852594e-09	0.000160012592	0	0	0	0	3
62	63	0	1.31164141	8.47287073e-09	2.58716933e-09	4.07437645e-11	8.47287073e-09	4.61290528e-09	0.000160012592	0	0	0	0	3
63	64	0	1.33279692	2.92210647e-09	2.70522639e-09	4.07437645e-11	8.47287073e-09	4.6953071e-09	0.000160012592	0	0	0	0	3
64	65	0	1.35395242	2.00822406e-09	2.77681435e-09	4.07437645e-11	8.47287073e-09	4.62324546e-09	0.000160012592	0	0	0	0	3
65	65	0	1.37510793	1.46984256e-09	2.83043331e-09	4.07437645e-11	8.47287073e-09	4.5609892e-09	0.000160012592	0	0	0	0	3
66	66	0	1.39626344	1.007318e-09	2.87070724e-09	4.39646532e-10	8.47287073e-09	4.44890173e-09	0.000160012592	0	0	0	0	3
67	67	0	1.41741894	1.17696249e-09	2.89545398e-09	4.39646532e-10	8.47287073e-09	4.34236791e-09	0.000160012592	0	0	0	0	3
68	68	0	1.43857445	7.36569422e-10	2.90782577e-09	5.1994509e-10	8.47287073e-09	4.27909867e-09	0.000160012592	0	0	0	0	3
69	69	0	1.45972996	1.70579349e-09	2.95723612e-09	7.36569422e-10	8.47287073e-09	4.1808518e-09	0.000160012592	0	0	0	0	3
70	70	0	1.48088546	1.43275609e-09	2.98566883e-09	7.36569422e-10	8.47287073e-09	4.04713614e-09	0.000160012592	0	0	0	0	3
71	71	0	1.50204097	2.04517046e-09	3.01085277e-09	7.36569422e-10	8.47287073e-09	3.85748612e-09	0.000160012592	0	0	0	0	3
72	72	0	1.52319648	2.15225289e-09	2.99025385e-09	7.36569422e-10	8.47287073e-09	3.58862982e-09	0.000160012592	0	0	0	0	3
73	72	0	1.54435198	2.8650848e-09	2.99334416e-09	7.36569422e-10	8.47287073e-09	3.35180783e-09	0.000160012592	0	0	0	0	3
74	73	0	1.56550749	4.39484131e-09	3.04146492e-09	7.36569422e-10	8.47287073e-09	3.06444315e-09	0.000160012592	0	0	0	0	3
75	74	0	1.58666299	1.64438119e-09	2.969845e-09	7.36569422e-10	8.47287073e-09	2.78511466e-09	0.000160012592	0	0	0	0	3
76	75	0	1.6078185	2.52887913e-09	2.96370598e-09	7.36569422e-10	8.47287073e-09	2.6132954e-09	0.000160012592	0	0	0	0	3
77	76	0	1.62897401	9.77345516e-10	2.88587787e-09	7.36569422e-10	8.47287073e-09	2.34220127e-09	0.000160012592	0	0	0	0	3
78	77	0	1.65012951	8.97198367e-10	2.74593692e-09	7.36569422e-10	8.47287073e-09	2.12141385e-09	0.000160012592	0	0	0	0	3
79	78	0	1.67128502	8.10039808e-10	2.62218823e-09	7.36569422e-10	8.47287073e-09	1.86388229e-09	0.000160012592	0	0	0	0	3
80	79	0	1.69244053	3.98794957e-10	2.49680904e-09	3.98794957e-10	8.47287073e-09	1.63234048e-09	0.000160012592	0	0	0	0	3
81	80	0	1.71359603	6.10783987e-10	2.36972381e-09	3.98794957e-10	8.47287073e-09	1.44590755e-09	0.000160012592	0	0	0	0	3
82	80	0	1.73475154	1.64215947e-10	2.23348752e-09	1.64215947e-10	8.47287073e-09	1.2428551e-09	0.000160012592	0	0	0	0	3
83	81	0	1.75590705	3.24367767e-10	2.08234328e-09	1.64215947e-10	8.47287073e-09	1.01636173e-09	0.000160012592	0	0	0	0	3
84	82	0	1.77706255	-3.98071126e-10	1.85281436e-09	-3.98071126e-10	8.47287073e-09	1.18865055e-09	0.000160012592	0	0	0	0	3
85	83	0	1.79821806	-6.42353247e-11	1.67847887e-09	-3.98071126e-10	8.47287073e-09	1.36298604e-09	0.000160012592	0	0	0	0	3
86	84	0	1.81937357	-8.02538129e-10	1.29200351e-09	-8.02538129e-10	4.39484131e-09	1.74946141e-09	0.000160012592	0	0	0	0	3
87	85	0	1.84052907	-5.58848125e-10	1.14696373e-09	-8.02538129e-10	4.39484131e-09	1.89450119e-09	0.000160012592	0	0	0	0	3
88	86	0	1.86168458	-1.4700218e-09	1.00203682e-09	-1.4700218e-09	4.39484131e-09	2.0394281e-09	0.000160012592	0	0	0	0	3
89	86	0	1.88284009	-1.14727131e-09	8.92990409e-10	-1.4700218e-09	4.39484131e-09	2.14847451e-09	0.000160012592	0	0	0	0	3
