Iteration	CPUTime	PhysTime	Travels	Value	AvValue	MinValue	MaxValue	Delta	Criteria	PrevAvRefValue	Progress	CriteriaType	CriteriaVarType	CriteriaPercentage
1	5	0	0.0211555066	293.490905	293.490905	293.490905	293.490905	0	0	0	0	0	0	3
2	6	0	0.0423110132	293.857574	293.67424	293.490905	293.857574	0.183334528	0	0	0	0	0	3
3	7	0	0.0634665198	294.351418	293.899966	293.490905	294.351418	0.409060495	0	0	0	0	0	3
4	7	0	0.0846220264	295.025408	294.181326	293.490905	295.025408	0.690420939	0	0	0	0	0	3
5	8	0	0.105777533	295.948088	294.534679	293.490905	295.948088	1.04377333	0	0	0	0	0	3
6	9	0	0.12693304	297.214686	294.981346	293.490905	297.214686	1.49044125	0	0	0	0	0	3
7	10	0	0.148088546	298.958103	295.549455	293.490905	298.958103	2.05854926	0	0	0	0	0	3
8	11	0	0.169244053	301.36754	296.276715	293.490905	301.36754	2.78581001	0	0	0	0	0	3
9	13	0	0.190399559	304.682874	297.210733	293.490905	304.682874	3.71982767	0	0	0	0	0	3
10	14	0	0.211555066	309.170068	298.406666	293.490905	309.170068	4.91576116	0	0	0	0	0	3
11	15	0	0.232710573	333.873078	301.630886	293.490905	333.873078	8.13998041	0	0	0	0	0	3
12	17	0	0.253866079	359.479396	306.451595	293.490905	359.479396	12.9606896	0	0	0	0	0	3
13	18	0	0.275021586	385.450916	312.528466	293.490905	385.450916	19.0375605	0	0	0	0	0	3
14	19	0	0.296177092	410.391224	319.518663	293.490905	410.391224	26.0277575	0	0	0	0	0	3
15	20	0	0.317332599	433.364998	327.108418	293.490905	433.364998	33.6175132	0	0	0	0	0	3
16	21	0	0.338488106	453.720607	335.02168	293.490905	453.720607	41.5307749	0	0	0	0	0	3
17	22	0	0.359643612	469.755555	342.947202	293.490905	469.755555	49.456297	0	0	0	0	0	3
18	23	0	0.380799119	480.819182	350.606757	293.490905	480.819182	57.1158514	0	0	0	0	0	3
19	24	0	0.401954625	487.40708	357.806774	293.490905	487.40708	64.3158684	0	0	0	0	0	3
20	25	0	0.423110132	490.907487	364.461809	293.490905	490.907487	70.9709041	0	0	0	0	0	3
21	26	0	0.444265639	492.431058	370.555583	293.490905	492.431058	77.0646779	0	0	0	0	0	3
22	27	0	0.465421145	493.429897	376.140779	293.490905	493.429897	82.6498739	0	0	0	0	0	3
23	28	0	0.486576652	494.290712	381.277733	293.490905	494.290712	87.7868275	0	0	0	0	0	3
24	29	0	0.507732158	495.013354	386.016717	293.490905	495.013354	92.5258118	0	0	0	0	0	3
25	30	0	0.528887665	495.605949	394.438177	293.857574	495.605949	100.763937	0	0	0	0	0	3
26	31	0	0.550043172	496.328812	402.874479	294.351418	496.328812	108.974513	0	0	0	0	0	3
27	32	0	0.571198678	496.952364	411.316185	295.025408	496.952364	117.134859	0	0	0	0	0	3
28	33	0	0.592354185	497.474005	419.751543	295.948088	497.474005	125.216865	0	0	0	0	0	3
29	34	0	0.613509691	498.121487	428.175435	297.214686	498.121487	133.194088	0	0	0	0	0	3
30	35	0	0.634665198	498.625812	436.567565	298.958103	498.625812	141.01811	0	0	0	0	0	3
31	35	0	0.655820705	499.413468	444.919872	301.36754	499.413468	148.643157	0	0	0	0	0	3
32	36	0	0.676976211	500.138851	453.20201	304.682874	500.138851	155.991277	0	0	0	0	0	3
33	38	0	0.698131718	500.837457	461.375117	309.170068	500.837457	162.968451	0	0	0	0	0	3
34	38	0	0.719287224	501.571772	469.391855	333.873078	501.571772	167.698694	0	0	0	0	0	3
35	39	0	0.740442731	502.184786	476.404843	359.479396	502.184786	142.70539	0	0	0	0	0	3
36	40	0	0.761598238	503.090413	482.388635	385.450916	503.090413	117.639497	0	0	0	0	0	3
37	41	0	0.782753744	503.997972	487.328096	410.391224	503.997972	93.6067487	0	0	0	0	0	3
38	42	0	0.803909251	504.952298	491.268141	433.364998	504.952298	71.5873002	0	0	0	0	0	3
39	43	0	0.825064757	505.932342	494.29178	453.720607	505.932342	52.2117355	0	0	0	0	0	3
40	44	0	0.846220264	506.830746	496.504703	469.755555	506.830746	37.0751911	0	0	0	0	0	3
41	44	0	0.867375771	507.961621	498.096622	480.819182	507.961621	27.1424386	0	0	0	0	0	3
42	45	0	0.888531277	508.917973	499.267405	487.40708	508.917973	21.5108934	0	0	0	0	0	3
43	46	0	0.909686784	509.725582	500.197342	490.907487	509.725582	18.8180947	0	0	0	0	0	3
44	47	0	0.93084229	510.632482	501.019217	492.431058	510.632482	18.2014241	0	0	0	0	0	3
45	48	0	0.951997797	511.729975	501.823339	493.429897	511.729975	18.3000784	0	0	0	0	0	3
46	49	0	0.973153303	512.713326	502.626815	494.290712	512.713326	18.4226136	0	0	0	0	0	3
47	50	0	0.99430881	513.687138	503.434999	495.013354	513.687138	18.6737837	0	0	0	0	0	3
48	50	0	1.01546432	514.738652	504.256887	495.605949	514.738652	19.1327023	14.0536531	0	0	0	0	3
49	51	0	1.03661982	515.870508	505.101243	496.328812	515.870508	19.5416954	14.1258293	0	0	0	0	3
50	52	0	1.05777533	516.871569	505.957192	496.952364	516.871569	19.9192054	14.1577472	0	0	0	0	3
51	53	0	1.07893084	518.141867	506.840088	497.474005	518.141867	20.667862	14.1810616	0	0	0	0	3
52	54	0	1.10008634	519.438443	507.755273	498.121487	519.438443	21.3169558	14.1986794	0	0	0	0	3
53	55	0	1.12124185	520.622747	508.692825	498.625812	520.622747	21.9969354	14.2082006	0	0	0	0	3
54	56	0	1.14239736	521.997689	509.666653	499.413468	521.997689	22.5842217	14.2106319	0	0	0	0	3
55	56	0	1.16355286	523.06717	510.652224	500.138851	523.06717	22.9283181	14.2001619	0	0	0	0	3
56	57	0	1.18470837	524.198685	511.654717	500.837457	524.198685	23.361228	14.1749022	0	0	0	0	3
57	58	0	1.20586388	525.1078	512.665982	501.571772	525.1078	23.5360275	14.1299039	0	0	0	0	3
58	59	0	1.22701938	526.038953	513.685447	502.184786	526.038953	23.8541662	14.0536531	0	0	0	0	3
59	60	0	1.24817489	526.699976	514.706914	503.090413	526.699976	23.6095632	14.0536531	0	0	0	0	3
60	61	0	1.2693304	527.512694	515.724509	503.997972	527.512694	23.5147215	14.0536531	0	0	0	0	3
61	62	0	1.2904859	528.315967	516.737758	504.952298	528.315967	23.363669	14.0536531	0	0	0	0	3
62	63	0	1.31164141	529.116044	517.744581	505.932342	529.116044	23.1837015	14.0536531	0	0	0	0	3
63	64	0	1.33279692	529.873594	518.742133	506.830746	529.873594	22.2374308	14.0536531	0	0	0	0	3
64	65	0	1.35395242	530.478147	519.727442	507.961621	530.478147	21.6308197	14.0536531	0	0	0	0	3
65	65	0	1.37510793	531.064874	520.690077	508.917973	531.064874	21.4226723	14.0536531	0	0	0	0	3
66	66	0	1.39626344	531.652995	521.63737	509.725582	531.652995	21.4400273	14.0536531	0	0	0	0	3
67	67	0	1.41741894	532.224998	522.574846	510.632482	532.224998	21.5556282	14.0536531	0	0	0	0	3
68	68	0	1.43857445	532.767605	523.497142	511.729975	532.767605	21.0376298	14.0536531	0	0	0	0	3
69	69	0	1.45972996	533.203955	524.391891	512.713326	533.203955	20.4906295	14.0536531	0	0	0	0	3
70	70	0	1.48088546	533.786352	525.269934	513.687138	533.786352	20.0992136	14.0536531	0	0	0	0	3
71	71	0	1.50204097	534.177367	526.123694	514.738652	534.177367	19.438715	14.0536531	0	0	0	0	3
72	72	0	1.52319648	534.432298	526.944262	515.870508	534.432298	18.5617897	14.0536531	0	0	0	0	3
73	72	0	1.54435198	534.564124	527.723163	516.871569	534.564124	17.6925544	14.0536531	0	0	0	0	3
74	73	0	1.56550749	534.701524	528.466078	518.141867	534.701524	16.5596562	14.0536531	0	0	0	0	3
75	74	0	1.58666299	533.850779	529.120616	519.438443	534.701524	15.2630805	14.0536531	0	0	0	0	3
76	75	0	1.6078185	532.526419	529.665948	520.622747	534.701524	14.0787765	14.0536531	0	0	0	0	3
77	76	0	1.62897401	530.976925	530.097372	521.997689	534.701524	12.7038344	14.0536531	0	0	0	0	3
78	77	0	1.65012951	529.49974	530.409958	523.06717	534.701524	11.6343541	14.0536531	0	0	0	0	3
79	78	0	1.67128502	527.420332	530.591339	524.198685	534.701524	10.5028391	14.0536531	0	0	0	0	3
80	79	0	1.69244053	525.40058	530.641418	525.1078	534.701524	9.59372408	14.0536531	0	0	0	0	3
81	80	0	1.71359603	523.618037	530.579345	523.618037	534.701524	11.0834866	14.0536531	0	0	0	0	3
82	80	0	1.73475154	522.591598	530.435705	522.591598	534.701524	12.1099261	14.0536531	0	0	0	0	3
83	81	0	1.75590705	521.722727	530.22832	521.722727	534.701524	12.9787968	14.0536531	0	0	0	0	3
84	82	0	1.77706255	521.566934	529.98058	521.566934	534.701524	13.1345895	14.0536531	0	0	0	0	3
85	83	0	1.79821806	521.903686	529.713401	521.566934	534.701524	12.8968371	14.0536531	0	0	0	0	3
86	84	0	1.81937357	522.251697	529.427387	521.566934	534.701524	11.8992849	14.0536531	0	0	0	0	3
87	85	0	1.84052907	522.923395	529.137795	521.566934	534.701524	10.9139766	14.0536531	0	0	0	0	3
88	86	0	1.86168458	523.939281	528.865342	521.566934	534.701524	9.95134104	14.0536531	0	0	0	0	3
89	86	0	1.88284009	524.813631	528.604874	521.566934	534.701524	9.00404846	14.0536531	0	0	0	0	3
