Iteration	CPUTime	PhysTime	Travels	Value	AvValue	MinValue	MaxValue	Delta	Criteria	PrevAvRefValue	Progress	CriteriaType	CriteriaVarType	CriteriaPercentage
1	5	0	0.0211555066	293.198971	293.198971	293.198971	293.198971	0	0	0	0	0	0	3
2	6	0	0.0423110132	293.201383	293.200177	293.198971	293.201383	0.00120619215	0	0	0	0	0	3
3	7	0	0.0634665198	293.197924	293.199426	293.197924	293.201383	0.00120619215	0	0	0	0	0	3
4	7	0	0.0846220264	293.195878	293.198539	293.195878	293.201383	0.00163820529	0	0	0	0	0	3
5	8	0	0.105777533	293.196322	293.198096	293.195878	293.201383	0.00208158495	0	0	0	0	0	3
6	9	0	0.12693304	293.206304	293.199464	293.195878	293.206304	0.00208158495	0	0	0	0	0	3
7	10	0	0.148088546	293.267099	293.209126	293.195878	293.267099	0.0110302401	0	0	0	0	0	3
8	11	0	0.169244053	293.665262	293.266143	293.195878	293.665262	0.0680471995	0	0	0	0	0	3
9	13	0	0.190399559	294.575243	293.411598	293.195878	294.575243	0.213502773	0	0	0	0	0	3
10	14	0	0.211555066	294.87661	293.5581	293.195878	294.87661	0.360003963	0	0	0	0	0	3
11	15	0	0.232710573	295.988249	293.779022	293.195878	295.988249	0.58092665	0	0	0	0	0	3
12	17	0	0.253866079	297.370671	294.078326	293.195878	297.370671	0.880230734	0	0	0	0	0	3
13	18	0	0.275021586	298.800844	294.441597	293.195878	298.800844	1.24350134	0	0	0	0	0	3
14	19	0	0.296177092	300.228501	294.854947	293.195878	300.228501	1.6568516	0	0	0	0	0	3
15	20	0	0.317332599	301.614523	295.305586	293.195878	301.614523	2.10748998	0	0	0	0	0	3
16	21	0	0.338488106	303.555904	295.82123	293.195878	303.555904	2.62313489	0	0	0	0	0	3
17	22	0	0.359643612	305.248655	296.375785	293.195878	305.248655	3.17768925	0	0	0	0	0	3
18	23	0	0.380799119	306.726277	296.950812	293.195878	306.726277	3.75271658	0	0	0	0	0	3
19	24	0	0.401954625	307.999075	297.5323	293.195878	307.999075	4.33420409	0	0	0	0	0	3
20	25	0	0.423110132	309.084481	298.109909	293.195878	309.084481	4.91181313	0	0	0	0	0	3
21	26	0	0.444265639	310.407089	298.695489	293.195878	310.407089	5.49739313	0	0	0	0	0	3
22	27	0	0.465421145	311.441197	299.274839	293.195878	311.441197	6.0767435	0	0	0	0	0	3
23	28	0	0.486576652	312.258375	299.839341	293.195878	312.258375	6.64124507	0	0	0	0	0	3
24	29	0	0.507732158	312.905663	300.383771	293.195878	312.905663	7.18567517	0	0	0	0	0	3
25	30	0	0.528887665	313.420518	301.226335	293.195878	313.420518	8.02823962	0	0	0	0	0	3
26	31	0	0.550043172	313.985049	302.092321	293.195878	313.985049	8.89422568	0	0	0	0	0	3
27	32	0	0.571198678	314.402199	302.975833	293.195878	314.402199	9.77773714	0	0	0	0	0	3
28	33	0	0.592354185	314.714923	303.87246	293.196322	314.714923	10.674364	0	0	0	0	0	3
29	34	0	0.613509691	314.964993	304.779488	293.206304	314.964993	11.5800238	0	0	0	0	0	3
30	35	0	0.634665198	315.172725	305.694755	293.267099	315.172725	12.4856292	0	0	0	0	0	3
31	35	0	0.655820705	315.430998	306.618251	293.665262	315.430998	13.3521081	0	0	0	0	0	3
32	36	0	0.676976211	315.656579	307.534556	294.575243	315.656579	14.1229574	0	0	0	0	0	3
33	38	0	0.698131718	315.86936	308.421811	294.87661	315.86936	14.8637111	0	0	0	0	0	3
34	38	0	0.719287224	316.066606	309.304727	295.988249	316.066606	15.5257049	0	0	0	0	0	3
35	39	0	0.740442731	316.253533	310.149114	297.370671	316.253533	16.0707876	0	0	0	0	0	3
36	40	0	0.761598238	316.507026	310.946462	298.800844	316.507026	16.5048652	0	0	0	0	0	3
37	41	0	0.782753744	316.754354	311.694525	300.228501	316.754354	16.5258531	0	0	0	0	0	3
38	42	0	0.803909251	316.996005	312.393171	301.614523	316.996005	15.3814825	0	0	0	0	0	3
39	43	0	0.825064757	317.234006	313.043983	303.555904	317.234006	13.6781015	0	0	0	0	0	3
40	44	0	0.846220264	317.460248	313.62333	305.248655	317.460248	12.2115936	0	0	0	0	0	3
41	44	0	0.867375771	317.766379	314.144902	306.726277	317.766379	11.0401026	0	0	0	0	0	3
42	45	0	0.888531277	318.052243	314.616818	307.999075	318.052243	10.0531686	0	0	0	0	0	3
43	46	0	0.909686784	318.313157	315.046571	309.084481	318.313157	9.22867665	0	0	0	0	0	3
44	47	0	0.93084229	318.555804	315.44121	310.407089	318.555804	8.1487156	0	0	0	0	0	3
45	48	0	0.951997797	318.795617	315.790732	311.441197	318.795617	7.35442023	0	0	0	0	0	3
46	49	0	0.973153303	319.025154	316.10673	312.258375	319.025154	6.76677879	0	0	0	0	0	3
47	50	0	0.99430881	319.245391	316.397855	312.905663	319.245391	6.33972755	0	0	0	0	0	3
48	50	0	1.01546432	319.456746	316.670817	313.420518	319.456746	6.03622818	1.67460302	0	0	0	0	3
49	51	0	1.03661982	319.66314	316.930926	313.985049	319.66314	5.67809117	1.68776436	0	0	0	0	3
50	52	0	1.05777533	319.857372	317.175607	314.402199	319.857372	5.45517371	1.69395727	0	0	0	0	3
51	53	0	1.07893084	320.056499	317.411202	314.714923	320.056499	5.341576	1.7002542	0	0	0	0	3
52	54	0	1.10008634	320.255904	317.642077	314.964993	320.255904	5.29091117	1.7065745	0	0	0	0	3
53	55	0	1.12124185	320.444902	317.870406	315.172725	320.444902	5.27217682	1.71264978	0	0	0	0	3
54	56	0	1.14239736	320.630644	318.09782	315.430998	320.630644	5.19964648	1.71802791	0	0	0	0	3
55	56	0	1.16355286	320.804331	318.321708	315.656579	320.804331	5.14775221	1.71982453	0	0	0	0	3
56	57	0	1.18470837	320.968102	318.543022	315.86936	320.968102	5.09874214	1.71522394	0	0	0	0	3
57	58	0	1.20586388	321.115772	318.761622	316.066606	321.115772	5.04916638	1.71055671	0	0	0	0	3
58	59	0	1.22701938	321.257533	318.977911	316.253533	321.257533	5.00400045	1.70063822	0	0	0	0	3
59	60	0	1.24817489	321.381102	319.19156	316.507026	321.381102	4.87407635	1.68522539	0	0	0	0	3
60	61	0	1.2693304	321.495147	319.399398	316.754354	321.495147	4.74079335	1.67460302	0	0	0	0	3
61	62	0	1.2904859	321.606146	319.601556	316.996005	321.606146	4.61014015	1.67460302	0	0	0	0	3
62	63	0	1.31164141	321.715778	319.798213	317.234006	321.715778	4.48177273	1.67460302	0	0	0	0	3
63	64	0	1.33279692	321.81669	319.989159	317.460248	321.81669	4.35644212	1.67460302	0	0	0	0	3
64	65	0	1.35395242	321.916837	320.17485	317.766379	321.916837	4.15045732	1.67460302	0	0	0	0	3
65	65	0	1.37510793	322.000722	320.351281	318.052243	322.000722	3.94847853	1.67460302	0	0	0	0	3
66	66	0	1.39626344	322.07799	320.51902	318.313157	322.07799	3.76483274	1.67460302	0	0	0	0	3
67	67	0	1.41741894	322.14325	320.678607	318.555804	322.14325	3.58744609	1.67460302	0	0	0	0	3
68	68	0	1.43857445	322.206617	320.830724	318.795617	322.206617	3.41099974	1.67460302	0	0	0	0	3
69	69	0	1.45972996	322.260572	320.975098	319.025154	322.260572	3.23541786	1.67460302	0	0	0	0	3
70	70	0	1.48088546	322.310231	321.111976	319.245391	322.310231	3.06484006	1.67460302	0	0	0	0	3
71	71	0	1.50204097	322.351932	321.241415	319.456746	322.351932	2.89518665	1.67460302	0	0	0	0	3
72	72	0	1.52319648	322.39216	321.363724	319.66314	322.39216	2.72902027	1.67460302	0	0	0	0	3
73	72	0	1.54435198	322.430328	321.479023	319.857372	322.430328	2.57295572	1.67460302	0	0	0	0	3
74	73	0	1.56550749	322.455945	321.587297	320.056499	322.455945	2.39944663	1.67460302	0	0	0	0	3
75	74	0	1.58666299	322.450409	321.687044	320.255904	322.455945	2.20004136	1.67460302	0	0	0	0	3
76	75	0	1.6078185	322.412439	321.776899	320.444902	322.455945	2.01104309	1.67460302	0	0	0	0	3
77	76	0	1.62897401	322.343182	321.855994	320.630644	322.455945	1.82530078	1.67460302	0	0	0	0	3
78	77	0	1.65012951	322.247225	321.923352	320.804331	322.455945	1.65161367	1.67460302	0	0	0	0	3
79	78	0	1.67128502	322.12517	321.978387	320.968102	322.455945	1.48784271	1.67460302	0	0	0	0	3
80	79	0	1.69244053	321.977244	322.020434	321.115772	322.455945	1.34017295	1.67460302	0	0	0	0	3
81	80	0	1.71359603	321.8273	322.050081	321.257533	322.455945	1.19841164	1.67460302	0	0	0	0	3
82	80	0	1.73475154	321.695505	322.06833	321.381102	322.455945	1.0748427	1.67460302	0	0	0	0	3
83	81	0	1.75590705	321.590345	322.077049	321.495147	322.455945	0.960798132	1.67460302	0	0	0	0	3
84	82	0	1.77706255	321.524925	322.078289	321.524925	322.455945	0.931020543	1.67460302	0	0	0	0	3
85	83	0	1.79821806	321.507604	322.074183	321.507604	322.455945	0.948341281	1.67460302	0	0	0	0	3
86	84	0	1.81937357	321.508043	322.065528	321.507604	322.455945	0.948341281	1.67460302	0	0	0	0	3
87	85	0	1.84052907	321.542275	322.054094	321.507604	322.455945	0.948341281	1.67460302	0	0	0	0	3
88	86	0	1.86168458	321.599368	322.040866	321.507604	322.455945	0.948341281	1.67460302	0	0	0	0	3
89	86	0	1.88284009	321.68001	322.027503	321.507604	322.455945	0.948341281	1.67460302	0	0	0	0	3
