Iteration	CPUTime	PhysTime	Travels	Value	AvValue	MinValue	MaxValue	Delta	Criteria	PrevAvRefValue	Progress	CriteriaType	CriteriaVarType	CriteriaPercentage
1	5	0	0.0211555066	294.255446	294.255446	294.255446	294.255446	0	0	0	0	0	0	3
2	6	0	0.0423110132	295.047532	294.651489	294.255446	295.047532	0.396042987	0	0	0	0	0	3
3	7	0	0.0634665198	296.042051	295.11501	294.255446	296.042051	0.859563835	0	0	0	0	0	3
4	7	0	0.0846220264	297.371203	295.679058	294.255446	297.371203	1.42361218	0	0	0	0	0	3
5	8	0	0.105777533	299.110099	296.365266	294.255446	299.110099	2.10982039	0	0	0	0	0	3
6	9	0	0.12693304	301.329239	297.192595	294.255446	301.329239	2.93714923	0	0	0	0	0	3
7	10	0	0.148088546	304.115944	298.181645	294.255446	304.115944	3.92619911	0	0	0	0	0	3
8	11	0	0.169244053	307.608681	299.360025	294.255446	307.608681	5.10457862	0	0	0	0	0	3
9	13	0	0.190399559	311.993337	300.763726	294.255446	311.993337	6.50828001	0	0	0	0	0	3
10	14	0	0.211555066	317.494219	302.436775	294.255446	317.494219	8.18132932	0	0	0	0	0	3
11	15	0	0.232710573	343.581825	306.177234	294.255446	343.581825	11.9217884	0	0	0	0	0	3
12	17	0	0.253866079	371.183694	311.594439	294.255446	371.183694	17.3389934	0	0	0	0	0	3
13	18	0	0.275021586	399.471671	318.354226	294.255446	399.471671	24.0987804	0	0	0	0	0	3
14	19	0	0.296177092	427.075999	326.120067	294.255446	427.075999	31.8646213	0	0	0	0	0	3
15	20	0	0.317332599	452.97501	334.577063	294.255446	452.97501	40.3216174	0	0	0	0	0	3
16	21	0	0.338488106	455.001	342.103559	294.255446	455.001	47.8481135	0	0	0	0	0	3
17	22	0	0.359643612	455.001	348.744585	294.255446	455.001	54.4891394	0	0	0	0	0	3
18	23	0	0.380799119	455.001	354.647719	294.255446	455.001	60.3922735	0	0	0	0	0	3
19	24	0	0.401954625	455.001	359.929471	294.255446	455.001	65.6740251	0	0	0	0	0	3
20	25	0	0.423110132	455.001	364.683048	294.255446	455.001	70.4276016	0	0	0	0	0	3
21	26	0	0.444265639	455.001	368.983902	294.255446	455.001	74.7284565	0	0	0	0	0	3
22	27	0	0.465421145	455.001	372.89377	294.255446	455.001	78.6383245	0	0	0	0	0	3
23	28	0	0.486576652	455.001	376.46365	294.255446	455.001	82.2082041	0	0	0	0	0	3
24	29	0	0.507732158	455.001	379.73604	294.255446	455.001	85.4805937	0	0	0	0	0	3
25	30	0	0.528887665	455.001	386.433771	295.047532	455.001	91.7822821	0	0	0	0	0	3
26	31	0	0.550043172	455.001	393.098499	296.042051	455.001	97.9834891	0	0	0	0	0	3
27	32	0	0.571198678	455.001	399.721788	297.371203	455.001	104.04273	0	0	0	0	0	3
28	33	0	0.592354185	455.001	406.289697	299.110099	455.001	109.92443	0	0	0	0	0	3
29	34	0	0.613509691	455.001	412.785151	301.329239	455.001	115.592556	0	0	0	0	0	3
30	35	0	0.634665198	455.001	419.188141	304.115944	455.001	121.006496	0	0	0	0	0	3
31	35	0	0.655820705	455.001	425.475018	307.608681	455.001	126.114994	0	0	0	0	0	3
32	36	0	0.676976211	455.001	431.616365	311.993337	455.001	130.852639	0	0	0	0	0	3
33	38	0	0.698131718	455.001	437.575017	317.494219	455.001	135.138242	0	0	0	0	0	3
34	38	0	0.719287224	455.001	443.304467	343.581825	455.001	111.419175	0	0	0	0	0	3
35	39	0	0.740442731	455.001	447.946932	371.183694	455.001	83.8173065	0	0	0	0	0	3
36	40	0	0.761598238	455.001	451.43932	399.471671	455.001	55.529329	0	0	0	0	0	3
37	41	0	0.782753744	455.001	453.753042	427.075999	455.001	27.9250014	0	0	0	0	0	3
38	42	0	0.803909251	455.001	454.916584	452.97501	455.001	2.0259905	0	0	0	0	0	3
39	43	0	0.825064757	455.001	455.001	455.001	455.001	0	0	0	0	0	0	3
40	44	0	0.846220264	455.001	455.001	455.001	455.001	0	0	0	0	0	0	3
41	44	0	0.867375771	455.001	455.001	455.001	455.001	0	0	0	0	0	0	3
42	45	0	0.888531277	455.001	455.001	455.001	455.001	0	0	0	0	0	0	3
43	46	0	0.909686784	455.001	455.001	455.001	455.001	0	0	0	0	0	0	3
44	47	0	0.93084229	455.001	455.001	455.001	455.001	0	0	0	0	0	0	3
45	48	0	0.951997797	455.001	455.001	455.001	455.001	0	0	0	0	0	0	3
46	49	0	0.973153303	455.001	455.001	455.001	455.001	0	0	0	0	0	0	3
47	50	0	0.99430881	455.001	455.001	455.001	455.001	0	0	0	0	0	0	3
48	50	0	1.01546432	455.001	455.001	455.001	455.001	0	10.1364942	0	100	0	0	3
49	51	0	1.03661982	455.001	455.001	455.001	455.001	0	10.1364942	0	100	0	0	3
50	52	0	1.05777533	455.001	455.001	455.001	455.001	0	10.1364942	0	100	0	0	3
51	53	0	1.07893084	455.001	455.001	455.001	455.001	0	10.1364942	0	100	0	0	3
52	54	0	1.10008634	455.001	455.001	455.001	455.001	0	10.1364942	0	100	0	0	3
53	55	0	1.12124185	455.001	455.001	455.001	455.001	0	10.1364942	0	100	0	0	3
54	56	0	1.14239736	455.001	455.001	455.001	455.001	0	10.1364942	0	100	0	0	3
55	56	0	1.16355286	455.001	455.001	455.001	455.001	0	10.1364942	0	100	0	0	3
56	57	0	1.18470837	455.001	455.001	455.001	455.001	0	10.1364942	0	100	0	0	3
57	58	0	1.20586388	455.001	455.001	455.001	455.001	0	10.1364942	0	100	0	0	3
58	59	0	1.22701938	455.001	455.001	455.001	455.001	0	10.1364942	0	100	0	0	3
59	60	0	1.24817489	455.001	455.001	455.001	455.001	0	10.1364942	0	100	0	0	3
60	61	0	1.2693304	455.001	455.001	455.001	455.001	0	10.1364942	0	100	0	0	3
61	62	0	1.2904859	455.001	455.001	455.001	455.001	0	10.1364942	0	100	0	0	3
62	63	0	1.31164141	455.001	455.001	455.001	455.001	0	10.1364942	0	100	0	0	3
63	64	0	1.33279692	455.001	455.001	455.001	455.001	0	10.1364942	0	100	0	0	3
64	65	0	1.35395242	455.001	455.001	455.001	455.001	0	10.1364942	0	100	0	0	3
65	65	0	1.37510793	455.001	455.001	455.001	455.001	0	10.1364942	0	100	0	0	3
66	66	0	1.39626344	455.001	455.001	455.001	455.001	0	10.1364942	0	100	0	0	3
67	67	0	1.41741894	455.001	455.001	455.001	455.001	0	10.1364942	0	100	0	0	3
68	68	0	1.43857445	455.001	455.001	455.001	455.001	0	10.1364942	0	100	0	0	3
69	69	0	1.45972996	455.001	455.001	455.001	455.001	0	10.1364942	0	100	0	0	3
70	70	0	1.48088546	455.001	455.001	455.001	455.001	0	10.1364942	0	100	0	0	3
71	71	0	1.50204097	455.001	455.001	455.001	455.001	0	10.1364942	0	100	0	0	3
72	72	0	1.52319648	455.001	455.001	455.001	455.001	0	10.1364942	0	100	0	0	3
73	72	0	1.54435198	455.001	455.001	455.001	455.001	0	10.1364942	0	100	0	0	3
74	73	0	1.56550749	455.001	455.001	455.001	455.001	0	10.1364942	0	100	0	0	3
75	74	0	1.58666299	455.001	455.001	455.001	455.001	0	10.1364942	0	100	0	0	3
76	75	0	1.6078185	455.001	455.001	455.001	455.001	0	10.1364942	0	100	0	0	3
77	76	0	1.62897401	455.001	455.001	455.001	455.001	0	10.1364942	0	100	0	0	3
78	77	0	1.65012951	455.001	455.001	455.001	455.001	0	10.1364942	0	100	0	0	3
79	78	0	1.67128502	455.001	455.001	455.001	455.001	0	10.1364942	0	100	0	0	3
80	79	0	1.69244053	455.001	455.001	455.001	455.001	0	10.1364942	0	100	0	0	3
81	80	0	1.71359603	455.001	455.001	455.001	455.001	0	10.1364942	0	100	0	0	3
82	80	0	1.73475154	455.001	455.001	455.001	455.001	0	10.1364942	0	100	0	0	3
83	81	0	1.75590705	455.001	455.001	455.001	455.001	0	10.1364942	0	100	0	0	3
84	82	0	1.77706255	455.001	455.001	455.001	455.001	0	10.1364942	0	100	0	0	3
85	83	0	1.79821806	455.001	455.001	455.001	455.001	0	10.1364942	0	100	0	0	3
86	84	0	1.81937357	455.001	455.001	455.001	455.001	0	10.1364942	0	100	0	0	3
87	85	0	1.84052907	455.001	455.001	455.001	455.001	0	10.1364942	0	100	0	0	3
88	86	0	1.86168458	455.001	455.001	455.001	455.001	0	10.1364942	0	100	0	0	3
89	86	0	1.88284009	455.001	455.001	455.001	455.001	0	10.1364942	0	100	0	0	3
