Iteration	CPUTime	PhysTime	Travels	Value	AvValue	MinValue	MaxValue	Delta	Criteria	PrevAvRefValue	Progress	CriteriaType	CriteriaVarType	CriteriaPercentage
1	5	0	0.0211555066	293.225278	293.225278	293.225278	293.225278	0	0	0	0	0	0	3
2	6	0	0.0423110132	293.19856	293.211919	293.19856	293.225278	0.0133588216	0	0	0	0	0	3
3	7	0	0.0634665198	293.193387	293.205742	293.193387	293.225278	0.0195360609	0	0	0	0	0	3
4	7	0	0.0846220264	293.196889	293.203529	293.193387	293.225278	0.0217491364	0	0	0	0	0	3
5	8	0	0.105777533	293.193504	293.201524	293.193387	293.225278	0.0237540192	0	0	0	0	0	3
6	9	0	0.12693304	293.193504	293.200187	293.193387	293.225278	0.0250906077	0	0	0	0	0	3
7	10	0	0.148088546	293.193504	293.199232	293.193387	293.225278	0.0260453138	0	0	0	0	0	3
8	11	0	0.169244053	293.193504	293.198516	293.193387	293.225278	0.0267613433	0	0	0	0	0	3
9	13	0	0.190399559	293.193504	293.197959	293.193387	293.225278	0.0273182552	0	0	0	0	0	3
10	14	0	0.211555066	293.193504	293.197514	293.193387	293.225278	0.0277637847	0	0	0	0	0	3
11	15	0	0.232710573	293.215911	293.199186	293.193387	293.225278	0.0277637847	0	0	0	0	0	3
12	17	0	0.253866079	293.290761	293.206818	293.193387	293.290761	0.0277637847	0	0	0	0	0	3
13	18	0	0.275021586	293.407677	293.222268	293.193387	293.407677	0.0277637847	0	0	0	0	0	3
14	19	0	0.296177092	293.564286	293.246698	293.193387	293.564286	0.0491842278	0	0	0	0	0	3
15	20	0	0.317332599	293.759007	293.280852	293.193387	293.759007	0.0833381563	0	0	0	0	0	3
16	21	0	0.338488106	294.119305	293.333255	293.193387	294.119305	0.135741469	0	0	0	0	0	3
17	22	0	0.359643612	294.539165	293.404191	293.193387	294.539165	0.206677313	0	0	0	0	0	3
18	23	0	0.380799119	295.011943	293.493511	293.193387	295.011943	0.295996876	0	0	0	0	0	3
19	24	0	0.401954625	295.527606	293.600568	293.193387	295.527606	0.403054529	0	0	0	0	0	3
20	25	0	0.423110132	296.076678	293.724374	293.193387	296.076678	0.526859995	0	0	0	0	0	3
21	26	0	0.444265639	296.955535	293.878239	293.193387	296.955535	0.680724825	0	0	0	0	0	3
22	27	0	0.465421145	297.87267	294.059804	293.193387	297.87267	0.862289887	0	0	0	0	0	3
23	28	0	0.486576652	298.818736	294.266714	293.193387	298.818736	1.0692	0	0	0	0	0	3
24	29	0	0.507732158	299.785929	294.496681	293.193387	299.785929	1.29916728	0	0	0	0	0	3
25	30	0	0.528887665	300.768771	294.810993	293.193387	300.768771	1.6134795	0	0	0	0	0	3
26	31	0	0.550043172	302.258201	295.188478	293.193387	302.258201	1.99096454	0	0	0	0	0	3
27	32	0	0.571198678	303.762877	295.628874	293.193504	303.762877	2.43135995	0	0	0	0	0	3
28	33	0	0.592354185	305.282978	296.132461	293.193504	305.282978	2.93494696	0	0	0	0	0	3
29	34	0	0.613509691	306.847572	296.70138	293.193504	306.847572	3.50386647	0	0	0	0	0	3
30	35	0	0.634665198	308.460996	297.337526	293.193504	308.460996	4.14001197	0	0	0	0	0	3
31	35	0	0.655820705	310.864255	298.073807	293.193504	310.864255	4.87629324	0	0	0	0	0	3
32	36	0	0.676976211	313.243181	298.90921	293.193504	313.243181	5.71169644	0	0	0	0	0	3
33	38	0	0.698131718	315.589031	299.842357	293.193504	315.589031	6.64484339	0	0	0	0	0	3
34	38	0	0.719287224	317.900975	300.871835	293.215911	317.900975	7.6726489	0	0	0	0	0	3
35	39	0	0.740442731	320.16552	301.994736	293.290761	320.16552	8.78791806	0	0	0	0	0	3
36	40	0	0.761598238	323.419606	303.250104	293.407677	323.419606	10.0278359	0	0	0	0	0	3
37	41	0	0.782753744	326.531715	304.630272	293.564286	326.531715	11.3835743	0	0	0	0	0	3
38	42	0	0.803909251	329.494053	306.127346	293.759007	329.494053	12.846494	0	0	0	0	0	3
39	43	0	0.825064757	332.317871	307.733965	294.119305	332.317871	14.40071	0	0	0	0	0	3
40	44	0	0.846220264	335.013454	309.437888	294.539165	335.013454	16.033697	0	0	0	0	0	3
41	44	0	0.867375771	338.739984	311.279589	295.011943	338.739984	17.7860782	0	0	0	0	0	3
42	45	0	0.888531277	342.306469	313.250194	295.527606	342.306469	19.6496258	0	0	0	0	0	3
43	46	0	0.909686784	345.773079	315.343756	296.076678	345.773079	21.6193817	0	0	0	0	0	3
44	47	0	0.93084229	349.175599	317.556211	296.955535	349.175599	23.6779719	0	0	0	0	0	3
45	48	0	0.951997797	352.529848	319.871807	297.87267	352.529848	25.8120032	0	0	0	0	0	3
46	49	0	0.973153303	355.83451	322.286884	298.818736	355.83451	28.0201698	0	0	0	0	0	3
47	50	0	0.99430881	359.071988	324.797436	299.785929	359.071988	30.3007547	0	0	0	0	0	3
48	50	0	1.01546432	362.239093	327.399651	300.768771	362.239093	32.5886576	4.40290656	0	13.5	0	0	3
49	51	0	1.03661982	365.317081	330.089164	302.258201	365.317081	34.9006855	4.59918372	0	13.1	0	0	3
50	52	0	1.05777533	368.289647	332.840474	303.762877	368.289647	37.2116004	4.69396101	0	12.6	0	0	3
51	53	0	1.07893084	371.14601	335.648105	305.282978	371.14601	39.5156439	4.7862658	0	12.1	0	0	3
52	54	0	1.10008634	373.874461	338.506083	306.847572	373.874461	41.8047028	4.87591516	0	11.6	0	0	3
53	55	0	1.12124185	376.468538	341.406957	308.460996	376.468538	44.0694309	4.9627886	0	11.2	0	0	3
54	56	0	1.14239736	378.922887	344.342869	310.864255	378.922887	46.2690617	5.04678905	0	10.9	0	0	3
55	56	0	1.16355286	381.233434	347.274918	313.243181	381.233434	48.3657077	5.12783779	0	10.6	0	0	3
56	57	0	1.18470837	383.395316	350.197924	315.589031	383.395316	50.3555663	5.2058567	0	10.3	0	0	3
57	58	0	1.20586388	385.407529	353.107028	317.900975	385.407529	52.2351924	5.28079528	0	10.1	0	0	3
58	59	0	1.22701938	387.268083	355.997324	320.16552	387.268083	54.0025882	5.35246764	0	9.9	0	0	3
59	60	0	1.24817489	388.980812	358.864628	323.419606	388.980812	55.6145235	5.4206036	0	9.7	0	0	3
60	61	0	1.2693304	390.545977	361.66156	326.531715	390.545977	57.0312874	5.48507956	0	9.6	0	0	3
61	62	0	1.2904859	391.971834	364.388231	329.494053	391.971834	58.2608854	5.5458621	0	9.5	0	0	3
62	63	0	1.31164141	393.265634	367.045381	332.317871	393.265634	59.3114153	5.60296756	0	9.4	0	0	3
63	64	0	1.33279692	394.435101	369.633599	335.013454	394.435101	59.4216471	5.6558989	0	9.5	0	0	3
64	65	0	1.35395242	395.48545	372.153265	338.739984	395.48545	56.7454656	5.70472664	0	10	0	0	3
65	65	0	1.37510793	396.424709	374.556795	342.306469	396.424709	54.1182402	5.74955973	0	10.6	0	0	3
66	66	0	1.39626344	397.259174	376.846491	345.773079	397.259174	51.4860954	5.79054078	0	11.2	0	0	3
67	67	0	1.41741894	398.141761	379.02852	349.175599	398.141761	48.9661612	5.82832738	0	11.9	0	0	3
68	68	0	1.43857445	398.943667	381.102189	352.529848	398.943667	46.4138189	5.86208997	0	12.6	0	0	3
69	69	0	1.45972996	399.653598	383.065679	355.83451	399.653598	43.8190884	5.89200789	0	13.4	0	0	3
70	70	0	1.48088546	400.279439	384.917551	359.071988	400.279439	41.2074503	5.91827781	0	14.3	0	0	3
71	71	0	1.50204097	400.8222	386.657143	362.239093	400.8222	38.5831068	5.94108664	0	15.3	0	0	3
72	72	0	1.52319648	401.292099	388.284352	365.317081	401.292099	35.975018	5.96063184	0	16.5	0	0	3
73	72	0	1.54435198	401.684503	389.799661	368.289647	401.684503	33.3948556	5.97581523	0	17.8	0	0	3
74	73	0	1.56550749	402.041825	391.206002	371.14601	402.041825	30.8958152	5.98701664	0	19.3	0	0	3
75	74	0	1.58666299	402.351065	392.506212	373.874461	402.351065	28.4766043	5.99452853	0	21	0	0	3
76	75	0	1.6078185	402.584246	393.702453	376.468538	402.584246	26.1157085	5.99847167	0	22.9	0	0	3
77	76	0	1.62897401	402.739156	394.797062	378.922887	402.739156	23.8162691	5.99893574	0	25.1	0	0	3
78	77	0	1.65012951	402.817452	395.792669	381.233434	402.817452	21.5840185	5.99442693	0	27.7	0	0	3
79	78	0	1.67128502	402.817452	396.692003	383.395316	402.817452	19.4221364	5.98531548	0	30.8	0	0	3
80	79	0	1.69244053	402.749079	397.49841	385.407529	402.817452	17.4099236	5.97209881	0	34.3	0	0	3
81	80	0	1.71359603	402.614995	398.215388	387.268083	402.817452	15.5493692	5.95521563	0	38.2	0	0	3
82	80	0	1.73475154	402.424046	398.846886	388.980812	402.817452	13.8366397	5.93507836	0	42.8	0	0	3
83	81	0	1.75590705	402.19262	399.397378	390.545977	402.817452	12.2714749	5.91016303	0	48.1	0	0	3
84	82	0	1.77706255	401.937209	399.872013	391.971834	402.817452	10.8456182	5.8811193	0	54.2	0	0	3
85	83	0	1.79821806	401.675418	400.276329	393.265634	402.817452	9.55181777	5.84854004	0	61.2	0	0	3
86	84	0	1.81937357	401.423675	400.616248	394.435101	402.817452	8.38235139	5.81293681	0	69.3	0	0	3
87	85	0	1.84052907	401.19801	400.898035	395.48545	402.817452	7.33200228	5.7747519	0	78.7	0	0	3
88	86	0	1.86168458	401.015761	401.128465	396.424709	402.817452	6.39274336	5.7325354	0	89.6	0	0	3
89	86	0	1.88284009	400.889962	401.314517	397.259174	402.817452	5.5582778	5.68683123	0	100	0	0	3
