Iteration	CPUTime	PhysTime	Travels	Value	AvValue	MinValue	MaxValue	Delta	Criteria	PrevAvRefValue	Progress	CriteriaType	CriteriaVarType	CriteriaPercentage
1	2	0	0.025	195141.118	195141.118	195141.118	195141.118	0	0	0	0	0	0	3
2	2	0	0.05	145418.361	170279.74	145418.361	195141.118	24861.3785	0	0	0	0	0	3
3	2	0	0.075	170133.552	170231.01	145418.361	195141.118	24910.1076	0	0	0	0	0	3
4	2	0	0.1	138131.693	162206.181	138131.693	195141.118	32934.937	0	0	0	0	0	3
5	3	0	0.125	166113.225	162987.59	138131.693	195141.118	32934.937	0	0	0	0	0	3
6	3	0	0.15	140992.5	159321.742	138131.693	195141.118	35819.3764	0	0	0	0	0	3
7	3	0	0.175	160482.067	159487.502	138131.693	195141.118	35819.3764	0	0	0	0	0	3
8	3	0	0.2	146322.057	157841.822	138131.693	195141.118	37299.2964	0	0	0	0	0	3
9	3	0	0.225	159139.945	157986.058	138131.693	195141.118	37299.2964	0	0	0	0	0	3
10	4	0	0.25	152952.624	157482.714	138131.693	195141.118	37658.4037	0	0	0	0	0	3
11	4	0	0.275	157717.078	157504.02	138131.693	195141.118	37658.4037	0	0	0	0	0	3
12	4	0	0.3	155924.256	157372.373	138131.693	195141.118	37768.7449	0	0	0	0	0	3
13	4	0	0.325	157426.951	157376.571	138131.693	195141.118	37768.7449	0	0	0	0	0	3
14	5	0	0.35	156856.888	157339.451	138131.693	195141.118	37801.6669	0	0	0	0	0	3
15	5	0	0.375	158121.319	157391.576	138131.693	195141.118	37801.6669	0	0	0	0	0	3
16	5	0	0.4	158206.487	157442.508	138131.693	195141.118	37801.6669	0	0	0	0	0	3
17	5	0	0.425	158662.4	157514.266	138131.693	195141.118	37801.6669	0	0	0	0	0	3
18	6	0	0.45	158776.376	157584.383	138131.693	195141.118	37801.6669	0	0	0	0	0	3
19	6	0	0.475	160009.204	157712.005	138131.693	195141.118	37801.6669	0	0	0	0	0	3
20	6	0	0.5	159795.164	157816.163	138131.693	195141.118	37801.6669	0	0	0	0	0	3
21	6	0	0.525	160149.221	156066.568	138131.693	170133.552	14213.1712	0	0	0	0	0	3
22	6	0	0.55	160351.932	156813.247	138131.693	170133.552	14164.4421	0	0	0	0	0	3
23	7	0	0.575	160917.593	156352.449	138131.693	166113.225	6921.02146	0	0	0	0	0	3
24	7	0	0.6	161456.183	157518.674	140992.5	166113.225	6921.02146	0	0	0	0	0	3
25	7	0	0.625	162281.611	157327.093	140992.5	162281.611	3420.93404	0	0	0	0	0	3
26	7	0	0.65	163169.508	158435.943	146322.057	163169.508	3420.93404	0	0	0	0	0	3
27	8	0	0.675	163797.575	158601.719	146322.057	163797.575	2535.15012	0	0	0	0	0	3
28	8	0	0.7	164145.414	159492.886	152952.624	164145.414	3426.318	0	0	0	0	0	3
29	8	0	0.725	164760.577	159773.918	152952.624	164760.577	3707.34959	0	0	0	0	0	3
30	8	0	0.75	165288.422	160390.708	155924.256	165288.422	4324.13946	0	0	0	0	0	3
31	9	0	0.775	165611.179	160785.413	155924.256	165611.179	4718.84453	0	0	0	0	0	3
32	9	0	0.8	165882.943	161283.347	156856.888	165882.943	5216.77886	0	0	0	0	0	3
33	9	0	0.825	166189.455	161721.472	156856.888	166189.455	5654.9041	0	0	0	0	0	3
34	9	0	0.85	166553.048	162206.28	158121.319	166553.048	6139.71209	0	0	0	0	0	3
35	9	0	0.875	166896.31	162645.03	158206.487	166896.31	6578.46166	0	0	0	0	0	3
36	10	0	0.9	167338.556	163101.634	158662.4	167338.556	7035.06511	0	0	0	0	0	3
37	10	0	0.925	167616.682	163549.348	158776.376	167616.682	7482.77924	0	0	0	0	0	3
38	10	0	0.95	167949.202	164007.989	159795.164	167949.202	7941.42053	0	0	0	0	0	3
39	10	0	0.975	168137.692	164414.413	159795.164	168137.692	8342.52785	0	0	0	0	0	3
40	11	0	1	168463.581	164847.834	160149.221	168463.581	8314.36028	4287.60912	0	0	0	0	3
41	11	0	1.025	168646.273	165272.687	160351.932	168646.273	8294.34042	4287.60912	0	0	0	0	3
42	11	0	1.05	168862.919	165698.236	160917.593	168862.919	7945.32563	4287.60912	0	0	0	0	3
43	11	0	1.075	169051.567	166104.935	161456.183	169051.567	7595.38348	4287.60912	0	0	0	0	3
44	11	0	1.1	169329.659	166258.493	161456.183	169329.659	7873.47527	4287.60912	0	0	0	0	3
45	12	0	1.125	169482.306	166640.689	162281.611	169482.306	7200.69567	4287.60912	0	0	0	0	3
46	12	0	1.15	169746.714	166996.171	163169.508	169746.714	6577.20663	4287.60912	0	0	0	0	3
47	12	0	1.175	169948.675	167318.988	163797.575	169948.675	6151.09987	4287.60912	0	0	0	0	3
48	12	0	1.2	170173.826	167622.619	164145.414	170173.826	6028.41192	4287.60912	0	0	0	0	3
49	13	0	1.225	170397.811	167920.352	164760.577	170397.811	5637.23395	4287.60912	0	0	0	0	3
50	13	0	1.25	170643.947	168200.513	165288.422	170643.947	5355.52489	4287.60912	0	0	0	0	3
51	13	0	1.275	170871.747	168466.385	165611.179	170871.747	5260.56814	4287.60912	0	0	0	0	3
52	13	0	1.3	171148.786	168730.081	165882.943	171148.786	5265.84296	4287.60912	0	0	0	0	3
53	14	0	1.325	171433.911	168994.413	166189.455	171433.911	5244.45596	4287.60912	0	0	0	0	3
54	14	0	1.35	171710.348	169257.312	166553.048	171710.348	5157.29997	4287.60912	0	0	0	0	3
55	14	0	1.375	172005.189	169516.938	166896.31	172005.189	5108.87883	4287.60912	0	0	0	0	3
56	14	0	1.4	172322.801	169775.342	167338.556	172322.801	4984.2458	4287.60912	0	0	0	0	3
57	14	0	1.425	172576.711	170024.778	167616.682	172576.711	4960.02857	4287.60912	0	0	0	0	3
58	15	0	1.45	172815.314	170272.332	167949.202	172815.314	4866.11204	4287.60912	0	0	0	0	3
59	15	0	1.475	173059.625	170515.686	168137.692	173059.625	4921.93266	4287.60912	0	0	0	0	3
60	15	0	1.5	173411.452	170766.817	168463.581	173411.452	4947.87124	4287.60912	0	0	0	0	3
61	15	0	1.525	173691.556	171015.768	168646.273	173691.556	5045.28317	4287.60912	0	0	0	0	3
62	16	0	1.55	173976.867	171269.606	168862.919	173976.867	5113.94813	4287.60912	0	0	0	0	3
63	16	0	1.575	174198.668	171523.689	169051.567	174198.668	5147.10131	4287.60912	0	0	0	0	3
64	16	0	1.6	174523.219	171784.244	169329.659	174523.219	5193.56024	4287.60912	0	0	0	0	3
65	16	0	1.625	174846.393	172046.946	169482.306	174846.393	5364.08626	4287.60912	0	0	0	0	3
66	17	0	1.65	175072.199	172313.131	169746.714	175072.199	5316.96082	4287.60912	0	0	0	0	3
67	17	0	1.675	175303.26	172577.729	169948.675	175303.26	5258.74076	4287.60912	0	0	0	0	3
68	17	0	1.7	175454.499	172839.911	170173.826	175454.499	5217.29184	4287.60912	0	0	0	0	3
69	17	0	1.725	175798.862	173107.77	170397.811	175798.862	5187.4175	4287.60912	0	0	0	0	3
70	18	0	1.75	176086.354	173378.653	170643.947	176086.354	5178.14005	4287.60912	0	0	0	0	3
71	18	0	1.775	176182.233	173642.381	170871.747	176182.233	5175.99533	4287.60912	0	0	0	0	3
72	18	0	1.8	176093.462	173891.034	171148.786	176182.233	5033.44754	4287.60912	0	0	0	0	3
73	18	0	1.825	176327.953	174137.661	171433.911	176327.953	4894.04122	4287.60912	0	0	0	0	3
74	18	0	1.85	176782.11	174392.337	171710.348	176782.11	5071.76178	4287.60912	0	0	0	0	3
75	19	0	1.875	176780.754	174633.785	172005.189	176782.11	4776.92068	4287.60912	0	0	0	0	3
76	19	0	1.9	176819.333	174863.03	172322.801	176819.333	4496.53206	4287.60912	0	0	0	0	3
77	19	0	1.925	176838.458	175078.061	172576.711	176838.458	4261.74734	4287.60912	0	0	0	0	3
78	19	0	1.95	176939.172	175285.797	172815.314	176939.172	4123.8587	4287.60912	0	0	0	0	3
79	20	0	1.975	177098.713	175489.769	173059.625	177098.713	4039.08839	4287.60912	0	0	0	0	3
80	20	0	2	177507.309	175701.563	173411.452	177507.309	4095.85646	4287.60912	0	0	0	0	3
81	20	0	2.025	177560.641	175899.144	173691.556	177560.641	3869.08524	4287.60912	0	0	0	0	3
82	20	0	2.05	177444.766	176077.868	173976.867	177560.641	3583.77428	4287.60912	0	0	0	0	3
83	21	0	2.075	177761.246	176258.076	174198.668	177761.246	3562.57824	4287.60912	0	0	0	0	3
84	21	0	2.1	177889.414	176433.826	174523.219	177889.414	3366.19567	4287.60912	0	0	0	0	3
85	21	0	2.125	177941.657	176596.609	174846.393	177941.657	3095.26388	4287.60912	0	0	0	0	3
86	21	0	2.15	178028.288	176748.128	175072.199	178028.288	2956.08913	4287.60912	0	0	0	0	3
87	21	0	2.175	178186.239	176896.415	175303.26	178186.239	2882.97912	4287.60912	0	0	0	0	3
88	22	0	2.2	178634.768	177055.059	175454.499	178634.768	3180.26955	4287.60912	0	0	0	0	3
89	22	0	2.225	178710.574	177210.11	175798.862	178710.574	2911.71169	4287.60912	0	0	0	0	3
90	22	0	2.25	178395.558	177333.762	176086.354	178710.574	2624.21917	4287.60912	0	0	0	0	3
91	22	0	2.275	178303.183	177439.325	176093.462	178710.574	2617.1111	4287.60912	0	0	0	0	3
92	23	0	2.3	178483.737	177548.921	176093.462	178710.574	2617.1111	4287.60912	0	0	0	0	3
93	23	0	2.325	178782.901	177676.989	176327.953	178782.901	2454.94869	4287.60912	0	0	0	0	3
94	23	0	2.35	179160.432	177811.869	176780.754	179160.432	2379.67788	4287.60912	0	0	0	0	3
95	23	0	2.375	179210.414	177927.503	176780.754	179210.414	2429.66028	4287.60912	0	0	0	0	3
96	24	0	2.4	179120.27	178038.908	176819.333	179210.414	2391.081	4287.60912	0	0	0	0	3
97	24	0	2.425	179395.785	178161.596	176838.458	179395.785	2557.32704	4287.60912	0	0	0	0	3
98	24	0	2.45	179518.32	178289.209	176939.172	179518.32	2579.14795	4287.60912	0	0	0	0	3
99	25	0	2.475	179496.67	178410.995	177098.713	179518.32	2419.60741	4287.60912	0	0	0	0	3
100	25	0	2.5	179655.763	178532.759	177444.766	179655.763	2210.99671	4287.60912	0	0	0	0	3
101	25	0	2.525	179826.868	178643.214	177444.766	179826.868	2382.10189	4287.60912	0	0	0	0	3
102	25	0	2.55	180299.756	178773.648	177444.766	180299.756	2695.78021	4287.60912	0	0	0	0	3
103	26	0	2.575	180416.833	178915.175	177761.246	180416.833	2655.58705	4287.60912	0	0	0	0	3
104	26	0	2.6	180043.827	179023.869	177889.414	180416.833	2527.41889	4287.60912	0	0	0	0	3
105	26	0	2.625	180095.291	179128.911	177941.657	180416.833	2475.17679	4287.60912	0	0	0	0	3
106	26	0	2.65	180256.388	179239.136	178028.288	180416.833	2388.54535	4287.60912	0	0	0	0	3
107	27	0	2.675	180602.581	179361.722	178186.239	180602.581	2416.3415	4287.60912	0	0	0	0	3
108	27	0	2.7	180916.759	179491.747	178303.183	180916.759	2436.68792	4287.60912	0	0	0	0	3
109	27	0	2.725	180641.423	179587.302	178303.183	180916.759	2377.1917	4287.60912	0	0	0	0	3
110	27	0	2.75	180455.338	179670.386	178303.183	180916.759	2336.6235	4287.60912	0	0	0	0	3
111	28	0	2.775	180678.021	179779.074	178303.183	180916.759	2339.74893	4287.60912	0	0	0	0	3
112	28	0	2.8	180683.326	179892.414	178483.737	180916.759	2343.49365	4287.60912	0	0	0	0	3
113	28	0	2.825	180883.27	180006.678	178782.901	180916.759	2133.85812	4287.60912	0	0	0	0	3
114	29	0	2.85	181006.973	180112.586	179120.27	181006.973	1886.70348	4287.60912	0	0	0	0	3
115	29	0	2.875	181158.812	180207.747	179120.27	181158.812	2038.54197	4287.60912	0	0	0	0	3
