Iteration	CPUTime	PhysTime	Travels	Value	AvValue	MinValue	MaxValue	Delta	Criteria	PrevAvRefValue	Progress	CriteriaType	CriteriaVarType	CriteriaPercentage
1	2	0	0.025	8.02972239	8.02972239	8.02972239	8.02972239	0	0	0	0	0	0	3
2	2	0	0.05	8.02972348	8.02972293	8.02972239	8.02972348	5.4612763e-07	0	0	0	0	0	3
3	2	0	0.075	8.0297232	8.02972302	8.02972239	8.02972348	6.36091626e-07	0	0	0	0	0	3
4	2	0	0.1	8.02972304	8.02972303	8.02972239	8.02972348	6.40998923e-07	0	0	0	0	0	3
5	3	0	0.125	8.02972311	8.02972304	8.02972239	8.02972348	6.56833778e-07	0	0	0	0	0	3
6	3	0	0.15	8.02972307	8.02972305	8.02972239	8.02972348	6.6057137e-07	0	0	0	0	0	3
7	3	0	0.175	8.02972307	8.02972305	8.02972239	8.02972348	6.64238742e-07	0	0	0	0	0	3
8	3	0	0.2	8.02972312	8.02972306	8.02972239	8.02972348	6.73185598e-07	0	0	0	0	0	3
9	3	0	0.225	8.02972299	8.02972305	8.02972239	8.02972348	6.73185598e-07	0	0	0	0	0	3
10	4	0	0.25	8.02972355	8.0297231	8.02972239	8.02972355	7.14750893e-07	0	0	0	0	0	3
11	4	0	0.275	8.02972359	8.02972315	8.02972239	8.02972359	7.59570952e-07	0	0	0	0	0	3
12	4	0	0.3	8.02972958	8.02972368	8.02972239	8.02972958	1.2960055e-06	0	0	0	0	0	3
13	4	0	0.325	8.02972416	8.02972372	8.02972239	8.02972958	1.33308392e-06	0	0	0	0	0	3
14	5	0	0.35	8.02973987	8.02972487	8.02972239	8.02973987	2.48654657e-06	0	0	0	0	0	3
15	5	0	0.375	8.02973002	8.02972522	8.02972239	8.02973987	2.82940563e-06	0	0	0	0	0	3
16	5	0	0.4	8.02981268	8.02973068	8.02972239	8.02981268	8.2959772e-06	0	0	0	0	0	3
17	5	0	0.425	8.02980318	8.02973495	8.02972239	8.02981268	1.25602347e-05	0	0	0	0	0	3
18	6	0	0.45	8.02989853	8.02974404	8.02972239	8.02989853	2.16481693e-05	0	0	0	0	0	3
19	6	0	0.475	8.02988226	8.02975131	8.02972239	8.02989853	2.89230833e-05	0	0	0	0	0	3
20	6	0	0.5	8.03005347	8.02976642	8.02972239	8.03005347	4.40311356e-05	0	0	0	0	0	3
21	6	0	0.525	8.03016216	8.02978841	8.02972299	8.03016216	6.5473744e-05	0	0	0	0	0	3
22	6	0	0.55	8.03027671	8.02981607	8.02972299	8.03027671	9.30453134e-05	0	0	0	0	0	3
23	7	0	0.575	8.03029683	8.02984475	8.02972299	8.03029683	0.000121721958	0	0	0	0	0	3
24	7	0	0.6	8.03045309	8.02988125	8.02972299	8.03045309	0.00015820862	0	0	0	0	0	3
25	7	0	0.625	8.0308862	8.02993941	8.02972299	8.0308862	0.000216359495	0	0	0	0	0	3
26	7	0	0.65	8.03273092	8.0300898	8.02972299	8.03273092	0.000366748572	0	0	0	0	0	3
27	8	0	0.675	8.03682996	8.03044514	8.02972299	8.03682996	0.000722092235	0	0	0	0	0	3
28	8	0	0.7	8.04396916	8.03115745	8.02972299	8.04396916	0.00143439386	0	0	0	0	0	3
29	8	0	0.725	8.05430444	8.03238652	8.02972355	8.05430444	0.00266341699	0	0	0	0	0	3
30	8	0	0.75	8.06805677	8.03430318	8.02972359	8.06805677	0.00458003339	0	0	0	0	0	3
31	9	0	0.775	8.0926742	8.03745071	8.02972416	8.0926742	0.00772702736	0	0	0	0	0	3
32	9	0	0.8	8.12100286	8.04201437	8.02972416	8.12100286	0.0122906539	0	0	0	0	0	3
33	9	0	0.825	8.15194748	8.04812554	8.02973002	8.15194748	0.018400666	0	0	0	0	0	3
34	9	0	0.85	8.18423833	8.05585046	8.02973002	8.18423833	0.026125246	0	0	0	0	0	3
35	9	0	0.875	8.2170285	8.06521539	8.02980318	8.2170285	0.0354847035	0	0	0	0	0	3
36	10	0	0.9	8.25950196	8.07669985	8.02980318	8.25950196	0.0469649032	0	0	0	0	0	3
37	10	0	0.925	8.29838051	8.09012872	8.02988226	8.29838051	0.0603846821	0	0	0	0	0	3
38	10	0	0.95	8.33409455	8.10533852	8.02988226	8.33409455	0.0755872083	0	0	0	0	0	3
39	10	0	0.975	8.36693586	8.1221912	8.03005347	8.36693586	0.0924247806	0	0	0	0	0	3
40	11	0	1	8.39653595	8.14051532	8.03016216	8.39653595	0.110726916	0.0491456012	0	44.3	0	0	3
41	11	0	1.025	8.42791407	8.16040292	8.03027671	8.42791407	0.13058685	0.053349642	0	40.8	0	0	3
42	11	0	1.05	8.45352235	8.1815652	8.03029683	8.45352235	0.15172045	0.0550651404	0	36.2	0	0	3
43	11	0	1.075	8.47620115	8.20386042	8.03045309	8.47620115	0.173979164	0.0566498085	0	32.5	0	0	3
44	11	0	1.1	8.49631029	8.2177866	8.03045309	8.49631029	0.187905348	0.0581156981	0	30.9	0	0	3
45	12	0	1.125	8.51430032	8.24082694	8.0308862	8.51430032	0.210887538	0.0594772928	0	28.2	0	0	3
46	12	0	1.15	8.52989218	8.26458913	8.03273092	8.52989218	0.234499335	0.0607331889	0	25.8	0	0	3
47	12	0	1.175	8.54410802	8.28894043	8.03682996	8.54410802	0.258495281	0.0619023486	0	23.9	0	0	3
48	12	0	1.2	8.55651362	8.31368727	8.04396916	8.55651362	0.28252982	0.0629869811	0	22.2	0	0	3
49	13	0	1.225	8.56794443	8.33863847	8.05430444	8.56794443	0.306251951	0.0640007509	0	20.8	0	0	3
50	13	0	1.25	8.57841554	8.36359614	8.06805677	8.57841554	0.329292961	0.0649520512	0	19.7	0	0	3
51	13	0	1.275	8.58822337	8.38836598	8.0926742	8.58822337	0.350915269	0.0658498465	0	18.7	0	0	3
52	13	0	1.3	8.59690418	8.41237693	8.12100286	8.59690418	0.370362556	0.0666949242	0	18	0	0	3
53	14	0	1.325	8.60505374	8.43542697	8.15194748	8.60505374	0.387301433	0.0674939805	0	17.4	0	0	3
54	14	0	1.35	8.61277591	8.45737118	8.18423833	8.61277591	0.401520721	0.0682527311	0	16.9	0	0	3
55	14	0	1.375	8.61986739	8.47811542	8.2170285	8.61986739	0.402838896	0.0689736561	0	17.1	0	0	3
56	14	0	1.4	8.62633413	8.49760617	8.25950196	8.62633413	0.366832173	0.0696580037	0	18.9	0	0	3
57	14	0	1.425	8.6325305	8.51536943	8.29838051	8.6325305	0.334149984	0.0703106744	0	21	0	0	3
58	15	0	1.45	8.63788728	8.53153642	8.33409455	8.63788728	0.303792729	0.0709301099	0	23.3	0	0	3
59	15	0	1.475	8.64420222	8.54630345	8.36693586	8.64420222	0.277266361	0.071528872	0	25.7	0	0	3
60	15	0	1.5	8.64909307	8.55973951	8.39653595	8.64909307	0.252557118	0.0720993747	0	28.5	0	0	3
61	15	0	1.525	8.65327739	8.57196529	8.42791407	8.65327739	0.225363317	0.0726415463	0	32.2	0	0	3
62	16	0	1.55	8.65663541	8.58285679	8.45352235	8.65663541	0.203113061	0.0731541823	0	36	0	0	3
63	16	0	1.575	8.66170739	8.59277036	8.47620115	8.66170739	0.185506242	0.0736516694	0	39.7	0	0	3
64	16	0	1.6	8.66584127	8.60180084	8.49631029	8.66584127	0.169530982	0.0741299044	0	43.7	0	0	3
65	16	0	1.625	8.66880655	8.61001495	8.51430032	8.66880655	0.15450623	0.074583451	0	48.2	0	0	3
66	17	0	1.65	8.67076631	8.61746571	8.52989218	8.67076631	0.14087413	0.0750027022	0	53.2	0	0	3
67	17	0	1.675	8.6737222	8.62431476	8.54410802	8.6737222	0.129614172	0.0753852251	0	58.1	0	0	3
68	17	0	1.7	8.67786141	8.63068397	8.55651362	8.67786141	0.121347794	0.0757260701	0	62.4	0	0	3
69	17	0	1.725	8.68120319	8.63662157	8.56794443	8.68120319	0.113258755	0.0760110985	0	67.1	0	0	3
70	18	0	1.75	8.6828037	8.64209106	8.57841554	8.6828037	0.104388154	0.076222855	0	73	0	0	3
71	18	0	1.775	8.68355838	8.64709786	8.58822337	8.68355838	0.0953350074	0.0763178165	0	80	0	0	3
72	18	0	1.8	8.68796423	8.65184742	8.59690418	8.68796423	0.0910600514	0.0763066811	0	83.7	0	0	3
73	18	0	1.825	8.69258268	8.65640354	8.60505374	8.69258268	0.0875289419	0.0761893364	0	87	0	0	3
74	18	0	1.85	8.69507773	8.6606904	8.61277591	8.69507773	0.0823018151	0.0759614813	0	92.2	0	0	3
75	19	0	1.875	8.69522505	8.66461655	8.61986739	8.69522505	0.0753576524	0.0756216896	0	100	0	0	3
76	19	0	1.9	8.69602188	8.66824295	8.62633413	8.69602188	0.0696877494	0.0751456688	0	100	0	0	3
77	19	0	1.925	8.7010222	8.67179953	8.6325305	8.7010222	0.0684917045	0.0745727029	0	100	0	0	3
78	19	0	1.95	8.70537156	8.67526815	8.63788728	8.70537156	0.0674842798	0.073919308	0	100	0	0	3
79	20	0	1.975	8.7065653	8.67853853	8.64420222	8.7065653	0.0623630774	0.0731906988	0	100	0	0	3
80	20	0	2	8.70452512	8.68141105	8.64909307	8.7065653	0.0574722321	0.0723993747	0	100	0	0	3
81	20	0	2.025	8.70625481	8.68413304	8.65327739	8.7065653	0.0532879108	0.0715441141	0	100	0	0	3
82	20	0	2.05	8.70987153	8.686828	8.65663541	8.70987153	0.053236118	0.0706584367	0	100	0	0	3
83	21	0	2.075	8.71145795	8.68943859	8.66170739	8.71145795	0.0497505521	0.0697482337	0	100	0	0	3
84	21	0	2.1	8.71099103	8.69178543	8.66584127	8.71145795	0.0456166755	0.0688181711	0	100	0	0	3
85	21	0	2.125	8.7096454	8.69387134	8.66880655	8.71145795	0.0426513923	0.0678758824	0	100	0	0	3
86	21	0	2.15	8.70991225	8.69582876	8.67076631	8.71145795	0.0406916341	0.0669291498	0	100	0	0	3
87	21	0	2.175	8.71329015	8.6978537	8.6737222	8.71329015	0.0395679596	0.0659874024	0	100	0	0	3
88	22	0	2.2	8.71389149	8.69976653	8.67786141	8.71389149	0.0360300764	0.0650519458	0	100	0	0	3
89	22	0	2.225	8.71174737	8.70138014	8.68120319	8.71389149	0.0326882991	0.064123416	0	100	0	0	3
90	22	0	2.25	8.71235208	8.70286342	8.6828037	8.71389149	0.031087789	0.063203969	0	100	0	0	3
91	22	0	2.275	8.7135594	8.70432798	8.68355838	8.71389149	0.0303331101	0.0622948131	0	100	0	0	3
92	23	0	2.3	8.71663861	8.70590323	8.68796423	8.71663861	0.0286743808	0.0614053363	0	100	0	0	3
93	23	0	2.325	8.7166734	8.70727033	8.69258268	8.7166734	0.0240907159	0.0605289111	0	100	0	0	3
94	23	0	2.35	8.71336263	8.70825985	8.69507773	8.7166734	0.0215956719	0.0596657865	0	100	0	0	3
95	23	0	2.375	8.71314801	8.70912034	8.69522505	8.7166734	0.0214483521	0.0588167735	0	100	0	0	3
96	24	0	2.4	8.71553464	8.71008747	8.69602188	8.7166734	0.0206515141	0.0579826106	0	100	0	0	3
97	24	0	2.425	8.71603113	8.71104029	8.7010222	8.7166734	0.015651198	0.057163152	0	100	0	0	3
98	24	0	2.45	8.71436677	8.71167574	8.70452512	8.7166734	0.0121482761	0.0563595763	0	100	0	0	3
99	25	0	2.475	8.71174753	8.71197936	8.70452512	8.7166734	0.0121482761	0.0555689002	0	100	0	0	3
100	25	0	2.5	8.71007339	8.71214641	8.70452512	8.7166734	0.0121482761	0.0547936588	0	100	0	0	3
101	25	0	2.525	8.71228744	8.71251605	8.70625481	8.7166734	0.0104185844	0.0540346446	0	100	0	0	3
102	25	0	2.55	8.71267499	8.71282177	8.7096454	8.7166734	0.00702799933	0.0532928582	0	100	0	0	3
103	26	0	2.575	8.7096525	8.71281134	8.7096454	8.7166734	0.00702799933	0.0525638342	0	100	0	0	3
104	26	0	2.6	8.70863708	8.71267701	8.70863708	8.7166734	0.00803631884	0.0518489382	0	100	0	0	3
105	26	0	2.625	8.70847379	8.71255714	8.70847379	8.7166734	0.00819960818	0.0511499268	0	100	0	0	3
106	26	0	2.65	8.71034131	8.71259028	8.70847379	8.7166734	0.00819960818	0.0504681193	0	100	0	0	3
107	27	0	2.675	8.71067207	8.71262647	8.70847379	8.7166734	0.00819960818	0.0498007534	0	100	0	0	3
108	27	0	2.7	8.7069705	8.71232553	8.7069705	8.7166734	0.00970289288	0.0491456012	0	100	0	0	3
109	27	0	2.725	8.70771562	8.71203144	8.7069705	8.7166734	0.00970289288	0.0491456012	0	100	0	0	3
110	27	0	2.75	8.70945218	8.71192215	8.7069705	8.7166734	0.00970289288	0.0491456012	0	100	0	0	3
111	28	0	2.775	8.71094543	8.71185516	8.7069705	8.7166734	0.00849378966	0.0491456012	0	100	0	0	3
112	28	0	2.8	8.71048422	8.71170873	8.7069705	8.7166734	0.00691854029	0.0491456012	0	100	0	0	3
113	28	0	2.825	8.70808195	8.71130127	8.7069705	8.7166734	0.00555143718	0.0491456012	0	100	0	0	3
114	29	0	2.85	8.70759131	8.71086879	8.7069705	8.71603113	0.00456191605	0.0491456012	0	100	0	0	3
115	29	0	2.875	8.71075447	8.71074459	8.7069705	8.71603113	0.00370142618	0.0491456012	0	100	0	0	3
